50076,1
50074,1
50076,2
50074,2
50076,3
50074,3
50076,4
50074,4
50076,5
50074,5
50076,6
50074,6
50076,7
50074,7
50076,8
50074,8
50076,9
50074,9
50076,10
50074,10
50076,11
50074,11
50076,12
50074,12
50076,13
50074,13
50076,14
50074,14
50076,15
50074,15
50076,16
50074,16
50076,17
50074,17
50076,18
50074,18
50076,19
50074,19
50076,20
50074,20
50076,21
50074,21
50076,22
50074,22
50076,23
50074,23
50076,24
50076,25
50074,24
50076,26
50074,25
50076,27
50074,26
50076,28
50074,27
50076,29
50074,28
50076,30
50074,29
50076,31
50074,30
50076,32
50074,31
50076,33
50074,32
50076,34
50074,33
50074,34
50076,35
50076,36
50074,35
50074,36
50076,37
50074,37
50076,38
50074,38
50076,39
50074,39
50076,40
50074,40
50076,41
50074,41
50076,42
50074,42
50076,43
50074,43
50076,44
50074,44
50076,45
50074,45
50076,46
50074,46
50076,47
50074,47
50076,48
50074,48
50074,49
50076,49
50076,50
50074,50
50076,51
50074,51
50076,52
50074,52
50074,53
50076,53
50074,54
50076,54
50076,55
50074,55
50074,56
50076,56
50074,57
50076,57
50074,58
50076,58
50074,59
50074,60
50076,59
50074,61
50074,62
50076,60
50076,61
50074,63
50076,62
50074,64
50076,63
50074,65
50076,64
50076,65
50074,66
50076,66
50074,67
50074,68
50076,67
50074,69
50076,68
50074,70
50076,69
50076,70
50074,71
50076,71
50074,72
50076,72
50076,73
50074,73
50076,74
50074,74
50076,75
50074,75
50076,76
50074,76
50076,77
50074,77
50076,78
50074,78
50076,79
50074,79
50076,80
50074,80
50076,81
50076,82
50074,81
50074,82
50076,83
50074,83
50076,84
50076,85
50074,84
50076,86
50074,85
50076,87
50074,86
50076,88
50074,87
50076,89
50074,88
50076,90
50074,89
50074,90
50076,91
50074,91
50076,92
50074,92
50074,93
50076,93
50076,94
50074,94
50074,95
50076,95
50076,96
50074,96
50074,97
50074,98
50076,97
50074,99
50076,98
50074,100
50076,99
50074,101
50074,102
50076,100
50074,103
50076,101
50074,104
50074,105
50076,102
50074,106
50074,107
50076,103
50074,108
50076,104
50074,109
50076,105
50076,106
50074,110
50076,107
50074,111
50076,108
50074,112
50076,109
50074,113
50074,114
50076,110
50074,115
50076,111
50074,116
50076,112
50074,117
50076,113
50074,118
50076,114
50074,119
50076,115
50074,120
50076,116
50074,121
50076,117
50074,122
50076,118
50074,123
50076,119
50074,124
50076,120
50074,125
50076,121
50074,126
50076,122
50074,127
50074,128
50076,123
50074,129
50076,124
50076,125
50074,130
50074,131
50076,126
50076,127
50074,132
50076,128
50074,133
50076,129
50074,134
50076,130
50074,135
50076,131
50074,136
50074,137
50076,132
50076,133
50074,138
50076,134
50074,139
50076,135
50074,140
50074,141
50076,136
50076,137
50076,138
50074,142
50076,139
50074,143
50076,140
50074,144
50074,145
50076,141
50076,142
50074,146
50076,143
50074,147
50076,144
50074,148
50074,149
50076,145
50074,150
50076,146
50076,147
50074,151
50076,148
50074,152
50076,149
50074,153
50076,150
50074,154
50074,155
50076,151
50074,156
50076,152
50076,153
50076,154
50074,157
50076,155
50074,158
50076,156
50074,159
50076,157
50074,160
50076,158
50074,161
50076,159
50074,162
50076,160
50076,161
50076,162
50076,163
50074,163
50076,164
50074,164
50076,165
50074,165
50074,166
50076,166
50074,167
50076,167
50074,168
50076,168
50074,169
50074,170
50076,169
50074,171
50074,172
50076,170
50074,173
50076,171
50074,174
50076,172
50074,175
50076,173
50074,176
50076,174
50074,177
50076,175
50074,178
50076,176
50074,179
50074,180
50076,177
50074,181
50074,182
50076,178
50074,183
50076,179
50074,184
50074,185
50076,180
50076,181
50074,186
50076,182
50074,187
50076,183
50074,188
50076,184
50074,189
50076,185
50076,186
50076,187
50074,190
50076,188
50074,191
50076,189
50076,190
50074,192
50074,193
50076,191
50076,192
50074,194
50074,195
50074,196
50076,193
50076,194
50076,195
50074,197
50076,196
50074,198
50076,197
50074,199
50076,198
50074,200
50076,199
50074,201
50074,202
50076,200
50074,203
50076,201
50074,204
50076,202
50074,205
50076,203
50074,206
50076,204
50074,207
50076,205
50074,208
50074,209
50076,206
50076,207
50074,210
50074,211
50076,208
50076,209
50074,212
50076,210
50076,211
50076,212
50074,213
50074,214
50076,213
50076,214
50074,215
50076,215
50074,216
50074,217
50076,216
50074,218
50076,217
50074,219
50074,220
50074,221
50076,218
50074,222
50076,219
50074,223
50076,220
50074,224
50074,225
50076,221
50076,222
50074,226
50076,223
50074,227
50074,228
50076,224
50076,225
50074,229
50076,226
50074,230
50076,227
50076,228
50074,231
50074,232
50076,229
50074,233
50076,230
50076,231
50076,232
50076,233
50076,234
50076,235
50076,236
50074,234
50076,237
50074,235
50076,238
50074,236
50074,237
50076,239
50076,240
50076,241
50074,238
50076,242
50074,239
50076,243
50076,244
50074,240
50076,245
50074,241
50074,242
50076,246
50076,247
50074,243
50076,248
50074,244
50074,245
50074,246
50076,249
50074,247
50076,250
50076,251
50076,252
50076,253
50074,248
50076,254
50076,255
50074,249
50076,256
50074,250
50076,257
50074,251
50074,252
50074,253
50074,254
50076,258
50076,259
50076,260
50074,255
50076,261
50074,256
50076,262
50074,257
50076,263
50074,258
50074,259
50076,264
50076,265
50076,266
50074,260
50076,267
50074,261
50076,268
50074,262
50076,269
50074,263
50076,270
50076,271
50074,264
50074,265
50076,272
50076,273
50074,266
50076,274
50074,267
50076,275
50074,268
50076,276
50074,269
50076,277
50074,270
50076,278
50074,271
50076,279
50074,272
50074,273
50076,280
50074,274
50076,281
50074,275
50076,282
50076,283
50074,276
50076,284
50076,285
50074,277
50076,286
50076,287
50074,278
50074,279
50076,288
50076,289
50074,280
50076,290
50076,291
50074,281
50076,292
50076,293
50076,294
50074,282
50074,283
50076,295
50076,296
50076,297
50074,284
50076,298
50076,299
50074,285
50076,300
50076,301
50074,286
50076,302
50074,287
50076,303
50076,304
50074,288
50074,289
50074,290
50076,305
50076,306
50076,307
50074,291
50074,292
50074,293
50076,308
50076,309
50076,310
50074,294
50076,311
50074,295
50076,312
50074,296
50074,297
50076,313
50074,298
50076,314
50074,299
50074,300
50076,315
50074,301
50076,316
50074,302
50074,303
50076,317
50074,304
50076,318
50076,319
50074,305
50074,306
50076,320
50074,307
50074,308
50074,309
50076,321
50074,310
50074,311
50074,312
50074,313
50074,314
50074,315
50074,316
50076,322
50074,317
50076,323
50074,318
50076,324
50076,325
50074,320
50074,320
50076,326
50074,321
50076,327
50074,322
50074,323
50076,328
50076,329
50074,324
50076,330
50074,325
50076,331
50074,326
50076,332
50076,333
50074,327
50076,334
50074,328
50074,329
50076,335
50074,330
50076,336
50076,337
50074,331
50076,338
50076,339
50074,332
50076,340
50074,333
50074,334
50076,341
50076,342
50074,335
50076,343
50074,336
50074,337
50074,338
50076,344
50074,339
50076,345
50074,340
50074,341
50076,346
50074,342
50076,347
50074,343
50074,344
50074,345
50074,346
50074,347
50074,348
50074,349
50076,348
50074,350
50076,349
50074,351
50076,350
50074,352
50076,351
50076,352
50074,353
50076,353
50076,354
50074,354
50074,355
50076,355
50074,356
50074,357
50076,357
50076,357
50076,358
50074,358
50076,359
50074,359
50076,360
50074,360
50074,361
50076,361
50076,362
50074,362
50076,363
50076,364
50076,365
50074,363
50076,366
50076,367
50074,364
50076,368
50074,365
50076,369
50076,370
50074,366
50074,367
50076,371
50076,372
50074,368
50076,373
50074,369
50076,374
50074,370
50074,371
50074,372
50074,373
50076,375
50074,374
50076,376
50074,375
50076,377
50076,378
50074,376
50074,377
50076,379
50074,378
50076,380
50076,382
50076,382
50074,379
50074,381
50074,381
50076,383
50076,384
50074,382
50074,383
50076,385
50074,384
50076,386
50076,387
50074,385
50074,386
50074,387
50076,388
50074,388
50076,389
50076,390
50074,389
50074,390
50074,391
50074,392
50074,393
50076,391
50074,394
50076,392
50076,393
50076,394
50074,395
50074,396
50074,397
50074,398
50076,395
50074,399
50074,400
50076,396
50074,401
50074,402
50074,403
50074,404
50074,405
50076,397
50074,406
50074,407
50076,398
50074,408
50076,399
50074,409
50076,400
50074,410
50076,401
50076,402
50074,411
50076,403
50076,404
50074,412
50076,405
50076,406
50076,407
50074,413
50076,408
50076,409
50076,410
50074,414
50074,415
50076,411
50074,416
50076,412
50076,413
50074,417
50076,414
50076,415
50074,418
50076,416
50076,417
50074,419
50076,418
50074,420
50074,421
50076,419
50074,422
50076,420
50076,421
50076,422
50074,423
50076,423
50074,424
50074,425
50076,425
50076,425
50076,426
50074,426
50076,427
50074,427
50076,428
50074,428
50074,429
50076,429
50076,430
50074,430
50076,431
50074,431
50074,432
50076,432
50074,433
50074,434
50076,433
50076,434
50074,435
50076,435
50074,436
50076,436
50074,437
50074,438
50076,437
50076,438
50074,439
50076,439
50074,440
50074,441
50076,440
50076,441
50074,442
50074,443
50076,442
50074,444
50074,445
50076,443
50074,446
50074,447
50076,444
50074,448
50076,445
50074,449
50076,446
50074,450
50074,451
50074,452
50076,447
50076,448
50074,453
50074,454
50076,449
50076,450
50074,455
50076,451
50074,456
50076,452
50074,457
50074,458
50076,453
50074,459
50076,454
50076,455
50074,460
50074,461
50076,456
50076,457
50074,462
50076,458
50074,463
50074,464
50076,459
50074,465
50074,466
50076,460
50074,467
50074,468
50076,461
50076,462
50074,469
50076,463
50076,464
50074,470
50074,471
50076,465
50074,472
50076,466
50074,473
50074,474
50076,467
50074,475
50076,468
50074,476
50074,477
50076,469
50076,470
50074,478
50076,471
50074,479
50076,472
50074,480
50076,473
50076,474
50074,481
50076,475
50074,482
50076,476
50074,483
50076,477
50074,484
50076,478
50074,485
50076,479
50074,486
50074,487
50076,480
50076,481
50074,488
50076,482
50074,489
50076,483
50074,490
50076,484
50074,491
50076,485
50076,486
50074,492
50076,487
50074,493
50074,494
50076,488
50076,489
50074,495
50074,496
50074,497
50076,490
50074,498
50074,499
50074,500
50074,501
50076,491
50074,502
50074,503
50076,492
50076,493
50074,504
50076,494
50074,505
50076,495
50076,496
50074,506
50074,507
50074,508
50076,497
50076,498
50074,509
50074,510
50076,499
50074,511
50076,500
50074,512
50076,501
50074,513
50074,514
50076,502
50074,515
50076,503
50074,516
50076,504
50076,505
50076,506
50074,517
50074,518
50076,507
50076,508
50076,509
50076,510
50074,519
50074,520
50076,511
50076,512
50074,521
50074,522
50076,513
50076,514
50074,523
50076,515
50074,524
50076,516
50074,525
50076,517
50074,526
50076,518
50074,527
50074,528
50076,519
50076,520
50074,529
50076,521
50074,530
50074,531
50076,522
50074,532
50076,523
50074,533
50076,524
50074,534
50076,525
50074,535
50076,526
50074,536
50076,527
50076,528
50074,537
50074,538
50074,539
50074,540
50076,529
50074,542
50074,542
50074,543
50076,530
50074,544
50076,531
50074,545
50076,532
50074,546
50074,547
50076,533
50074,548
50076,534
50074,549
50076,535
50074,550
50076,537
50076,537
50074,551
50076,538
50074,552
50076,539
50076,540
50074,553
50074,554
50074,555
50074,556
50076,541
50074,557
50076,542
50074,558
50074,559
50074,560
50076,543
50076,544
50074,562
50074,562
50074,563
50074,564
50076,545
50074,565
50076,546
50076,547
50076,548
50074,566
50076,549
50074,567
50074,568
50076,550
50074,569
50076,551
50076,552
50074,570
50076,553
50074,571
50076,554
50074,572
50076,555
50076,556
50074,573
50074,574
50076,557
50074,575
50076,558
50074,576
50074,577
50076,559
50076,560
50074,578
50076,561
50074,579
50076,562
50076,563
50074,580
50074,581
50076,564
50076,565
50074,582
50076,566
50076,567
50074,583
50074,584
50076,568
50074,585
50074,586
50074,587
50076,569
50076,570
50074,588
50076,571
50074,589
50076,572
50074,590
50074,591
50074,592
50076,573
50076,574
50074,593
50074,594
50076,575
50076,576
50074,595
50074,596
50074,597
50076,577
50076,578
50074,598
50076,579
50074,599
50074,600
50076,580
50074,601
50074,602
50074,603
50074,604
50076,581
50076,582
50076,583
50074,605
50074,606
50076,584
50076,585
50074,607
50076,586
50074,608
50076,587
50076,588
50076,589
50076,590
50076,591
50074,609
50076,592
50074,610
50074,611
50076,593
50074,612
50074,613
50076,594
50074,614
50076,595
50076,596
50074,615
50076,597
50074,616
50076,599
50076,599
50074,617
50076,600
50074,618
50076,601
50076,602
50074,619
50076,603
50074,620
50074,621
50076,604
50074,622
50076,605
50074,623
50074,624
50076,606
50074,625
50074,626
50076,607
50076,608
50076,609
50074,627
50074,628
50076,610
50076,611
50074,629
50076,612
50074,630
50076,613
50074,631
50076,614
50074,632
50076,615
50074,633
50074,634
50076,616
50076,617
50076,618
50074,635
50076,619
50074,636
50074,637
50076,620
50076,621
50074,638
50074,639
50076,622
50074,640
50076,623
50074,641
50074,642
50076,624
50074,643
50074,644
50076,625
50074,645
50074,646
50076,626
50074,647
50076,627
50074,648
50076,628
50076,629
50074,649
50076,630
50074,650
50074,651
50076,631
50074,652
50076,632
50076,633
50074,653
50076,634
50074,654
50076,635
50076,636
50074,655
50074,656
50076,637
50074,657
50076,638
50076,639
50074,658
50076,640
50074,659
50076,641
50074,660
50076,642
50074,661
50076,643
50074,662
50076,644
50074,663
50074,664
50074,665
50076,645
50076,646
50074,666
50074,667
50076,647
50074,669
50074,669
50076,648
50076,649
50074,670
50074,671
50074,672
50074,673
50074,674
50076,650
50074,675
50074,676
50076,652
50076,652
50076,653
50074,677
50076,654
50076,655
50074,678
50076,656
50076,657
50076,658
50074,679
50074,680
50076,659
50074,681
50074,682
50076,660
50074,683
50074,684
50076,661
50074,685
50076,662
50076,663
50074,686
50074,687
50076,664
50074,688
50074,689
50076,665
50074,690
50076,666
50074,691
50074,692
50074,693
50076,667
50074,694
50076,668
50074,695
50074,696
50074,697
50076,669
50074,698
50076,671
50076,671
50074,699
50076,672
50076,673
50074,700
50074,701
50076,674
50076,675
50076,676
50076,677
50076,678
50076,679
50074,702
50076,680
50076,681
50074,703
50074,704
50074,705
50074,706
50074,707
50074,708
50074,709
50074,710
50076,682
50076,683
50074,711
50074,712
50076,684
50074,713
50076,685
50076,686
50074,714
50074,715
50076,687
50074,716
50074,717
50076,688
50076,689
50076,690
50074,718
50076,691
50074,719
50076,692
50076,693
50074,720
50074,721
50074,722
50076,694
50074,723
50076,695
50074,724
50076,696
50074,725
50076,697
50074,726
50074,727
50074,728
50076,698
50076,699
50074,729
50076,700
50074,730
50076,701
50076,702
50076,703
50076,704
50074,731
50076,705
50076,706
50076,707
50076,708
50076,709
50074,732
50076,710
50076,711
50074,733
50076,712
50074,734
50076,713
50076,714
50076,715
50074,735
50074,736
50076,716
50074,737
50076,717
50076,718
50076,719
50074,738
50074,739
50076,720
50076,721
50074,740
50074,741
50076,722
50074,742
50076,723
50076,724
50074,743
50076,725
50074,744
50076,726
50074,745
50076,728
50076,728
50074,746
50076,729
50074,747
50076,730
50074,748
50076,731
50074,749
50076,732
50074,750
50076,733
50074,751
50076,734
50076,735
50074,752
50074,753
50074,754
50074,755
50074,756
50076,736
50076,737
50074,757
50076,738
50076,739
50074,758
50076,740
50076,741
50074,759
50076,742
50074,760
50074,761
50076,743
50076,744
50074,762
50076,745
50074,763
50076,746
50074,764
50074,765
50076,747
50076,748
50074,766
50076,749
50076,750
50074,767
50076,751
50074,768
50074,769
50076,752
50076,753
50076,754
50076,755
50076,756
50076,757
50074,770
50074,771
50076,758
50074,772
50074,773
50074,774
50076,759
50076,760
50074,775
50076,761
50074,776
50076,762
50074,777
50076,763
50074,778
50074,779
50076,764
50074,780
50076,765
50074,781
50074,782
50076,766
50076,767
50074,783
50076,768
50076,769
50074,784
50074,785
50074,786
50074,787
50076,770
50076,771
50074,788
50074,789
50074,790
50076,772
50074,791
50076,773
50074,792
50074,793
50074,794
50076,774
50074,795
50076,775
50074,796
50074,797
50074,798
50074,799
50074,800
50074,801
50076,776
50074,802
50076,777
50074,803
50076,778
50074,804
50076,779
50074,805
50076,780
50076,781
50074,806
50076,782
50076,783
50074,807
50076,784
50076,785
50074,808
50076,786
50076,787
50074,809
50074,810
50076,788
50076,789
50074,811
50076,790
50074,812
50074,813
50074,814
50076,791
50076,792
50074,815
50074,816
50074,817
50076,793
50074,818
50076,794
50074,819
50074,820
50076,795
50074,821
50074,822
50074,823
50076,796
50074,824
50076,797
50074,825
50076,798
50076,799
50074,826
50074,827
50076,801
50076,801
50076,802
50074,828
50074,829
50076,803
50076,804
50074,830
50076,805
50076,806
50076,807
50074,831
50076,808
50074,832
50074,833
50076,809
50074,834
50076,810
50076,811
50074,835
50074,836
50076,812
50076,813
50074,837
50076,814
50074,838
50076,815
50074,839
50076,816
50074,840
50076,817
50076,818
50074,841
50074,842
50076,819
50076,820
50074,843
50076,821
50074,844
50076,822
50074,845
50076,823
50074,846
50076,824
50074,847
50076,825
50074,848
50074,849
50076,826
50074,850
50076,827
50074,851
50076,828
50076,829
50074,852
50076,830
50074,853
50074,854
50076,831
50076,832
50074,855
50076,833
50074,856
50074,857
50076,834
50076,835
50074,858
50074,859
50074,860
50076,836
50074,861
50074,862
50074,863
50076,837
50076,838
50076,839
50074,864
50076,840
50074,865
50076,841
50076,842
50074,866
50074,867
50074,868
50074,869
50076,843
50074,870
50076,844
50074,871
50076,845
50074,872
50076,846
50076,847
50074,873
50074,874
50076,848
50074,875
50076,849
50074,876
50076,850
50074,877
50076,851
50074,878
50076,852
50074,879
50076,853
50074,880
50076,854
50074,881
50076,855
50076,856
50076,857
50074,882
50076,858
50074,883
50074,884
50076,859
50074,885
50074,886
50076,860
50074,887
50074,888
50076,861
50076,862
50074,889
50076,863
50076,864
50074,890
50076,865
50074,891
50076,866
50074,892
50074,893
50076,867
50076,868
50074,894
50076,869
50074,895
50074,896
50076,870
50074,897
50076,871
50076,872
50076,873
50074,898
50076,874
50076,875
50074,899
50074,900
50076,876
50076,877
50076,878
50074,901
50076,879
50076,880
50074,902
50074,903
50076,881
50074,904
50076,882
50076,883
50076,884
50074,905
50076,885
50074,907
50074,907
50076,886
50074,908
50074,909
50076,887
50076,888
50074,910
50076,889
50074,911
50076,890
50074,912
50074,913
50076,891
50074,914
50076,892
50074,915
50076,893
50076,894
50076,895
50076,896
50074,916
50076,897
50074,917
50076,898
50074,918
50074,919
50076,899
50074,920
50074,921
50074,922
50076,900
50074,923
50076,901
50074,924
50076,902
50074,925
50076,903
50074,926
50076,904
50074,927
50076,905
50074,928
50076,906
50076,907
50076,908
50074,929
50076,909
50074,930
50074,931
50076,910
50076,911
50074,932
50076,912
50074,933
50076,913
50076,914
50074,934
50076,915
50074,935
50076,916
50074,936
50076,917
50074,937
50076,918
50076,919
50076,920
50074,938
50074,939
50076,921
50074,940
50074,941
50074,942
50076,922
50076,923
50076,924
50074,943
50076,925
50074,944
50074,945
50074,946
50076,926
50074,947
50076,927
50074,948
50076,928
50074,949
50076,929
50076,930
50074,950
50076,931
50074,951
50074,952
50074,953
50076,932
50076,933
50074,954
50076,934
50074,955
50076,935
50074,956
50074,957
50076,936
50076,937
50076,938
50074,958
50076,939
50074,959
50076,940
50074,960
50076,941
50074,961
50074,962
50076,942
50074,963
50076,943
50076,944
50074,964
50074,965
50076,945
50074,966
50074,967
50076,946
50074,968
50074,969
50076,947
50076,948
50076,949
50076,950
50076,951
50076,952
50074,970
50074,971
50076,953
50076,954
50074,972
50074,973
50074,974
50076,955
50076,957
50076,957
50074,975
50074,976
50076,958
50076,959
50074,977
50076,960
50076,961
50074,978
50076,962
50074,979
50076,963
50074,980
50076,964
50074,981
50074,982
50076,965
50074,983
50076,966
50074,984
50074,985
50074,986
50076,967
50076,968
50074,987
50074,988
50074,989
50076,969
50074,990
50074,991
50076,970
50076,971
50076,972
50076,973
50074,992
50076,974
50076,975
50074,993
50076,976
50076,977
50074,994
50074,995
50076,978
50074,996
50076,979
50074,997
50076,980
50074,998
50076,981
50076,982
50076,983
50074,999
50076,984
50076,985
50074,1000
50076,986
50074,1001
50074,1002
50076,987
50074,1003
50074,1004
50074,1005
50076,988
50076,989
50074,1006
50076,990
50074,1007
50076,991
50076,992
50074,1008
50074,1009
50076,993
50074,1010
50074,1011
50074,1012
50076,994
50074,1013
50074,1014
50074,1015
50076,995
50074,1016
50076,996
50074,1017
50076,997
50074,1018
50074,1019
50076,998
50074,1020
50076,999
50074,1021
50074,1022
50074,1023
50076,1000
50074,1024
50074,1025
50074,1026
50076,1001
50076,1002
50076,1003
50074,1027
50074,1028
50074,1029
50076,1004
50076,1005
50074,1030
50074,1031
50074,1032
50074,1033
50076,1006
50076,1007
50076,1008
50074,1034
50074,1035
50076,1009
50076,1010
50076,1011
50074,1036
50076,1012
50076,1013
50076,1014
50074,1037
50076,1015
50074,1038
50076,1016
50074,1039
50076,1017
50074,1040
50076,1018
50074,1041
50076,1019
50074,1042
50076,1020
50074,1043
50074,1044
50076,1021
50074,1045
50076,1022
50074,1046
50076,1023
50074,1047
50076,1024
50076,1025
50076,1026
50074,1048
50076,1027
50074,1049
50074,1050
50076,1028
50074,1051
50076,1029
50076,1030
50076,1031
50074,1052
50076,1032
50074,1053
50076,1033
50076,1034
50074,1054
50076,1035
50076,1036
50076,1037
50074,1055
50076,1038
50076,1039
50076,1040
50074,1056
50076,1041
50074,1057
50074,1058
50076,1042
50074,1059
50074,1060
50074,1061
50074,1062
50074,1063
50076,1043
50074,1064
50076,1044
50074,1065
50074,1066
50074,1067
50074,1068
50074,1069
50074,1070
50076,1045
50074,1071
50074,1072
50076,1046
50076,1047
50074,1073
50076,1048
50076,1049
50076,1050
50074,1074
50074,1075
50074,1076
50076,1051
50074,1077
50076,1052
50074,1078
50074,1079
50076,1053
50074,1080
50074,1081
50076,1054
50076,1055
50076,1056
50076,1057
50074,1082
50076,1058
50074,1083
50074,1084
50076,1059
50074,1085
50074,1086
50074,1087
50076,1060
50074,1088
50076,1061
50074,1089
50076,1062
50076,1063
50074,1090
50076,1064
50074,1091
50076,1065
50074,1092
50076,1066
50074,1093
50074,1094
50076,1067
50076,1068
50074,1095
50076,1069
50074,1096
50076,1070
50074,1097
50076,1071
50076,1072
50076,1073
50074,1098
50074,1099
50076,1074
50076,1075
50074,1100
50076,1076
50076,1077
50076,1078
50076,1079
50076,1080
50074,1101
50074,1102
50076,1081
50074,1103
50076,1082
50074,1104
50076,1083
50076,1084
50074,1105
50074,1106
50076,1085
50074,1107
50074,1108
50074,1109
50074,1110
50076,1086
50076,1087
50074,1111
50074,1112
50076,1088
50074,1113
50074,1114
50076,1089
50074,1115
50076,1090
50074,1116
50074,1117
50074,1118
50076,1091
50074,1119
50076,1092
50074,1120
50076,1093
50076,1094
50074,1121
50076,1095
50076,1096
50074,1122
50076,1097
50074,1123
50076,1098
50076,1099
50076,1100
50076,1101
50074,1124
50074,1125
50074,1126
50076,1102
50076,1103
50074,1127
50076,1104
50076,1105
50074,1128
50074,1129
50076,1106
50076,1107
50074,1130
50076,1109
50076,1109
50076,1110
50074,1131
50074,1132
50076,1111
50074,1133
50074,1134
50076,1112
50074,1135
50076,1113
50076,1114
50076,1115
50074,1136
50074,1137
50076,1116
50074,1138
50074,1139
50074,1140
50074,1141
50074,1142
50074,1143
50074,1144
50076,1117
50076,1118
50076,1119
50074,1145
50074,1146
50076,1120
50076,1121
50074,1147
50074,1148
50074,1149
50074,1150
50074,1151
50074,1152
50074,1153
50076,1123
50076,1123
50074,1154
50076,1124
50074,1155
50076,1125
50074,1156
50074,1157
50076,1126
50074,1158
50074,1159
50074,1160
50076,1127
50076,1128
50076,1129
50076,1130
50074,1161
50076,1131
50074,1162
50076,1132
50074,1163
50074,1164
50076,1134
50076,1134
50076,1135
50076,1136
50076,1137
50074,1165
50074,1166
50074,1167
50076,1138
50076,1139
50076,1140
50074,1168
50076,1141
50074,1169
50076,1142
50074,1170
50074,1171
50076,1143
50076,1144
50074,1172
50074,1173
50076,1145
50076,1146
50074,1174
50074,1175
50076,1147
50074,1176
50076,1148
50076,1149
50074,1177
50076,1150
50074,1178
50076,1151
50074,1179
50076,1152
50074,1180
50074,1181
50074,1183
50074,1183
50074,1184
50076,1153
50074,1185
50076,1154
50074,1186
50076,1155
50074,1187
50076,1156
50076,1157
50076,1158
50074,1188
50076,1159
50076,1160
50074,1189
50074,1190
50076,1161
50074,1191
50074,1192
50076,1162
50074,1193
50076,1163
50076,1164
50074,1194
50076,1165
50074,1195
50076,1166
50074,1196
50074,1197
50074,1198
50074,1199
50076,1167
50074,1200
50076,1168
50074,1201
50074,1202
50074,1203
50074,1204
50076,1169
50076,1170
50074,1205
50074,1206
50076,1171
50074,1207
50076,1173
50076,1173
50074,1208
50074,1209
50074,1210
50074,1211
50076,1174
50074,1213
50074,1213
50074,1214
50074,1215
50074,1216
50076,1175
50076,1176
50074,1217
50076,1177
50074,1218
50074,1219
50074,1220
50076,1178
50074,1221
50074,1222
50074,1223
50076,1179
50076,1180
50076,1181
50076,1182
50074,1224
50074,1225
50076,1183
50076,1184
50074,1226
50076,1185
50074,1228
50074,1228
50076,1186
50074,1229
50076,1187
50074,1230
50074,1231
50074,1232
50076,1188
50076,1189
50074,1233
50074,1234
50074,1235
50076,1190
50074,1236
50076,1191
50076,1192
50074,1238
50074,1238
50076,1193
50074,1239
50074,1240
50074,1241
50076,1194
50076,1195
50076,1196
50076,1197
50074,1242
50076,1198
50074,1243
50076,1199
50076,1200
50074,1244
50074,1245
50076,1201
50076,1202
50074,1246
50076,1203
50074,1247
50076,1204
50076,1205
50076,1206
50074,1248
50076,1207
50076,1208
50076,1209
50074,1249
50074,1250
50076,1210
50074,1251
50076,1211
50074,1252
50076,1212
50076,1213
50076,1214
50074,1253
50076,1215
50076,1216
50074,1254
50074,1255
50076,1217
50074,1256
50074,1257
50076,1218
50076,1219
50076,1220
50074,1258
50074,1259
50074,1260
50076,1221
50074,1261
50076,1222
50076,1223
50074,1262
50074,1263
50076,1224
50076,1225
50074,1264
50076,1226
50074,1265
50074,1266
50076,1227
50074,1267
50076,1228
50074,1268
50074,1269
50076,1229
50074,1270
50074,1271
50076,1230
50076,1231
50074,1272
50074,1273
50076,1232
50074,1274
50076,1233
50076,1234
50074,1275
50076,1235
50076,1236
50074,1276
50076,1237
50074,1277
50076,1238
50074,1278
50074,1279
50076,1239
50074,1280
50076,1240
50076,1241
50074,1281
50074,1282
50076,1242
50074,1283
50074,1284
50074,1285
50074,1286
50076,1243
50076,1244
50076,1245
50074,1287
50074,1288
50074,1289
50076,1246
50076,1247
50074,1290
50074,1291
50074,1292
50074,1293
50074,1294
50074,1295
50076,1248
50074,1296
50076,1249
50074,1297
50074,1298
50076,1250
50074,1299
50074,1300
50074,1301
50076,1251
50074,1302
50076,1252
50074,1303
50074,1304
50076,1253
50076,1254
50074,1305
50076,1255
50074,1306
50076,1256
50074,1307
50076,1257
50076,1258
50074,1308
50074,1309
50074,1310
50076,1259
50076,1260
50076,1261
50074,1311
50076,1262
50074,1312
50076,1263
50076,1264
50074,1313
50076,1265
50076,1266
50074,1314
50074,1315
50076,1267
50076,1268
50074,1316
50076,1269
50076,1270
50074,1317
50074,1318
50076,1271
50076,1272
50076,1273
50076,1274
50074,1319
50076,1275
50074,1320
50074,1321
50074,1322
50076,1276
50076,1277
50076,1278
50074,1323
50074,1324
50074,1325
50076,1279
50076,1280
50074,1326
50074,1327
50076,1281
50074,1328
50076,1282
50074,1329
50076,1283
50074,1330
50074,1331
50074,1332
50074,1333
50076,1284
50076,1285
50076,1286
50076,1287
50076,1288
50076,1289
50076,1290
50076,1291
50076,1292
50074,1334
50076,1293
50076,1294
50076,1295
50074,1335
50074,1336
50074,1337
50076,1296
50074,1338
50076,1297
50076,1298
50076,1299
50076,1300
50076,1301
50074,1339
50076,1302
50076,1303
50074,1340
50076,1304
50074,1341
50074,1342
50074,1343
50076,1305
50074,1344
50076,1306
50076,1307
50076,1308
50074,1345
50074,1346
50074,1347
50074,1348
50076,1309
50076,1310
50074,1349
50074,1350
50074,1351
50076,1311
50074,1352
50076,1312
50074,1353
50076,1313
50074,1354
50076,1314
50074,1355
50076,1315
50076,1317
50076,1317
50076,1318
50074,1356
50074,1357
50076,1319
50074,1358
50074,1359
50074,1360
50074,1361
50074,1362
50076,1320
50074,1364
50074,1364
50076,1321
50076,1322
50074,1365
50074,1366
50074,1367
50074,1368
50074,1369
50074,1370
50076,1323
50076,1324
50074,1371
50074,1372
50074,1373
50074,1374
50074,1375
50074,1376
50076,1325
50074,1377
50074,1378
50076,1326
50076,1327
50076,1328
50074,1379
50074,1380
50076,1329
50074,1381
50074,1382
50074,1383
50076,1330
50074,1384
50074,1385
50076,1331
50074,1386
50076,1332
50074,1387
50074,1388
50076,1333
50076,1334
50074,1390
50074,1390
50074,1391
50076,1335
50074,1392
50074,1393
50074,1394
50074,1395
50076,1336
50074,1396
50076,1337
50074,1397
50076,1339
50076,1339
50076,1340
50074,1398
50076,1341
50076,1342
50074,1399
50076,1343
50074,1400
50074,1401
50074,1402
50076,1344
50074,1403
50076,1345
50074,1404
50076,1346
50074,1405
50076,1348
50076,1348
50074,1407
50074,1407
50074,1408
50076,1349
50076,1350
50076,1351
50076,1352
50076,1353
50074,1409
50074,1410
50074,1411
50076,1354
50076,1355
50074,1412
50074,1413
50074,1414
50074,1415
50076,1356
50076,1357
50074,1416
50074,1417
50074,1418
50076,1358
50076,1359
50074,1419
50076,1360
50074,1420
50076,1361
50074,1421
50074,1422
50074,1423
50076,1362
50074,1424
50076,1363
50074,1425
50074,1426
50076,1364
50076,1365
50074,1427
50076,1366
50074,1428
50074,1429
50076,1367
50074,1430
50076,1368
50076,1369
50074,1431
50074,1432
50076,1370
50076,1371
50074,1433
50074,1434
50076,1372
50074,1435
50076,1373
50074,1436
50074,1437
50076,1374
50076,1375
50076,1376
50074,1438
50076,1377
50074,1439
50074,1440
50074,1441
50076,1378
50076,1379
50074,1442
50076,1380
50074,1443
50074,1444
50076,1381
50076,1382
50074,1445
50074,1446
50076,1383
50074,1447
50076,1384
50076,1385
50074,1448
50074,1449
50076,1386
50074,1450
50076,1387
50074,1451
50074,1452
50076,1388
50076,1389
50074,1453
50076,1390
50074,1454
50074,1455
50074,1456
50076,1391
50074,1457
50074,1458
50076,1392
50074,1459
50074,1460
50076,1393
50076,1394
50074,1461
50076,1395
50074,1462
50076,1396
50074,1463
50074,1464
50076,1397
50076,1398
50076,1399
50074,1465
50076,1400
50074,1466
50076,1401
50074,1467
50076,1402
50076,1403
50074,1468
50074,1469
50076,1404
50074,1470
50076,1405
50074,1471
50076,1406
50074,1472
50074,1473
50074,1474
50074,1475
50074,1476
50076,1408
50076,1408
50076,1409
50074,1477
50074,1478
50076,1410
50074,1479
50074,1480
50076,1411
50076,1412
50074,1481
50076,1413
50076,1414
50074,1482
50074,1483
50076,1415
50076,1416
50074,1484
50074,1485
50076,1417
50074,1486
50074,1487
50076,1418
50076,1419
50076,1420
50074,1489
50074,1489
50074,1490
50076,1421
50076,1422
50076,1423
50074,1491
50074,1492
50074,1493
50074,1494
50074,1495
50076,1424
50074,1496
50076,1425
50074,1497
50074,1498
50076,1426
50076,1427
50074,1499
50076,1428
50074,1500
50074,1501
50076,1429
50074,1502
50074,1503
50074,1504
50074,1505
50074,1506
50074,1507
50074,1509
50074,1509
50076,1430
50074,1510
50076,1431
50074,1511
50074,1512
50076,1432
50076,1433
50076,1434
50074,1513
50074,1514
50074,1515
50074,1516
50074,1517
50074,1518
50076,1435
50074,1519
50074,1520
50076,1436
50076,1437
50074,1521
50076,1438
50074,1522
50076,1439
50074,1523
50074,1524
50076,1440
50074,1525
50076,1441
50074,1526
50074,1527
50076,1442
50076,1443
50074,1528
50076,1444
50074,1529
50076,1445
50074,1530
50076,1446
50074,1531
50076,1447
50074,1532
50076,1448
50074,1533
50074,1534
50076,1449
50076,1450
50074,1535
50074,1536
50076,1451
50076,1452
50076,1453
50074,1537
50076,1454
50076,1455
50074,1538
50074,1539
50076,1456
50074,1540
50076,1457
50074,1541
50076,1458
50076,1459
50076,1460
50076,1461
50074,1542
50074,1543
50074,1544
50076,1462
50074,1545
50074,1546
50076,1463
50076,1464
50076,1465
50076,1466
50074,1547
50074,1548
50076,1467
50076,1468
50074,1549
50076,1469
50074,1550
50076,1470
50076,1471
50076,1472
50076,1473
50076,1474
50076,1475
50074,1551
50074,1552
50076,1476
50076,1477
50076,1478
50074,1553
50076,1479
50074,1554
50076,1480
50074,1555
50074,1556
50076,1481
50074,1557
50074,1558
50074,1559
50076,1482
50074,1560
50074,1561
50074,1562
50076,1483
50074,1564
50074,1564
50076,1484
50074,1565
50076,1485
50074,1566
50074,1567
50074,1568
50074,1569
50076,1486
50074,1570
50074,1571
50074,1572
50074,1573
50074,1574
50074,1575
50076,1487
50074,1576
50076,1488
50074,1577
50074,1578
50074,1579
50074,1580
50076,1489
50076,1490
50076,1491
50074,1581
50076,1492
50074,1582
50074,1583
50076,1493
50076,1494
50074,1584
50076,1495
50074,1585
50076,1496
50074,1586
50076,1497
50076,1498
50074,1587
50074,1588
50076,1499
50076,1500
50074,1589
50076,1501
50074,1590
50074,1591
50074,1592
50076,1502
50074,1593
50076,1503
50074,1594
50074,1595
50074,1596
50074,1597
50074,1598
50076,1504
50074,1599
50074,1600
50074,1601
50076,1505
50076,1506
50074,1602
50076,1507
50076,1508
50076,1509
50076,1510
50074,1604
50074,1604
50076,1511
50074,1605
50074,1606
50074,1607
50074,1608
50074,1609
50076,1512
50076,1513
50074,1610
50074,1611
50074,1612
50076,1514
50074,1613
50074,1614
50076,1515
50076,1516
50074,1615
50076,1517
50074,1616
50074,1617
50076,1518
50076,1519
50076,1520
50076,1521
50074,1618
50074,1620
50076,1522
50074,1621
50074,1621
50076,1523
50074,1622
50074,1623
50074,1624
50076,1524
50074,1625
50074,1626
50076,1525
50076,1526
50076,1527
50076,1528
50074,1627
50076,1529
50076,1530
50074,1628
50074,1629
50076,1531
50074,1630
50074,1631
50076,1532
50076,1533
50074,1632
50076,1534
50074,1633
50076,1535
50076,1536
50074,1634
50076,1538
50076,1538
50076,1539
50074,1635
50074,1636
50076,1541
50076,1541
50076,1542
50074,1637
50076,1543
50074,1638
50076,1544
50074,1639
50076,1545
50074,1640
50076,1546
50076,1547
50074,1641
50074,1642
50076,1548
50074,1643
50074,1644
50076,1549
50076,1550
50076,1551
50074,1645
50074,1646
50074,1647
50074,1648
50074,1649
50076,1552
50076,1553
50076,1554
50076,1556
50076,1556
50074,1650
50074,1651
50074,1652
50076,1557
50076,1558
50074,1653
50074,1654
50076,1559
50074,1655
50074,1656
50074,1657
50076,1560
50076,1561
50076,1562
50074,1658
50076,1563
50074,1659
50076,1564
50074,1661
50074,1661
50076,1565
50074,1662
50076,1566
50076,1567
50076,1568
50074,1663
50076,1569
50074,1664
50076,1570
50074,1665
50074,1666
50074,1667
50076,1571
50076,1572
50074,1668
50076,1573
50074,1669
50076,1574
50076,1575
50074,1670
50076,1576
50076,1577
50076,1578
50074,1671
50074,1672
50074,1673
50074,1674
50076,1579
50076,1580
50074,1675
50074,1676
50076,1581
50074,1677
50076,1582
50074,1678
50074,1679
50074,1681
50074,1681
50074,1682
50076,1583
50074,1683
50074,1684
50074,1685
50074,1686
50074,1687
50076,1584
50074,1688
50076,1585
50074,1689
50076,1586
50076,1587
50074,1690
50074,1691
50076,1588
50074,1692
50074,1693
50076,1589
50074,1694
50076,1590
50076,1591
50074,1695
50076,1592
50076,1593
50076,1594
50076,1595
50076,1596
50074,1697
50074,1697
50074,1698
50074,1699
50074,1700
50076,1597
50074,1701
50076,1598
50076,1599
50074,1702
50074,1703
50076,1600
50076,1601
50076,1602
50076,1603
50076,1604
50074,1704
50076,1605
50076,1606
50076,1607
50076,1608
50074,1705
50074,1706
50076,1609
50074,1707
50076,1610
50076,1611
50076,1612
50076,1613
50076,1614
50074,1708
50074,1709
50076,1615
50076,1616
50076,1617
50076,1618
50074,1710
50076,1619
50074,1711
50076,1620
50074,1712
50076,1621
50074,1713
50076,1622
50076,1623
50074,1714
50074,1715
50076,1624
50076,1625
50074,1716
50074,1717
50076,1626
50074,1718
50076,1627
50074,1719
50074,1720
50074,1721
50074,1722
50076,1628
50074,1723
50074,1724
50076,1629
50074,1725
50074,1726
50076,1630
50076,1631
50074,1727
50076,1632
50076,1633
50076,1634
50076,1635
50076,1636
50074,1728
50074,1729
50076,1637
50074,1730
50074,1731
50076,1638
50076,1639
50074,1732
50076,1640
50076,1641
50076,1642
50074,1733
50076,1643
50074,1734
50076,1644
50074,1735
50074,1736
50074,1737
50074,1738
50076,1645
50074,1739
50076,1646
50074,1740
50076,1647
50076,1648
50074,1741
50076,1649
50074,1742
50074,1743
50076,1650
50076,1651
50074,1744
50076,1652
50074,1745
50076,1653
50074,1746
50076,1654
50074,1747
50074,1748
50076,1655
50074,1749
50074,1750
50076,1656
50074,1751
50074,1752
50076,1657
50076,1658
50076,1659
50076,1660
50076,1661
50074,1753
50074,1754
50076,1662
50074,1755
50074,1756
50074,1757
50076,1663
50076,1665
50076,1665
50074,1758
50074,1759
50074,1760
50074,1761
50074,1762
50074,1763
50076,1666
50076,1667
50074,1764
50074,1765
50074,1766
50074,1767
50076,1668
50076,1669
50074,1768
50076,1670
50076,1671
50074,1769
50076,1672
50074,1770
50076,1673
50074,1771
50074,1772
50076,1674
50074,1773
50076,1675
50074,1775
50074,1775
50076,1676
50076,1677
50074,1776
50076,1678
50074,1777
50074,1778
50076,1679
50076,1680
50074,1780
50074,1780
50076,1681
50074,1781
50076,1682
50074,1782
50076,1683
50074,1783
50074,1784
50076,1684
50076,1685
50076,1686
50076,1687
50074,1785
50074,1786
50076,1688
50074,1787
50074,1788
50076,1689
50076,1690
50074,1789
50076,1691
50074,1790
50076,1692
50076,1693
50074,1791
50074,1792
50074,1793
50076,1694
50074,1794
50076,1695
50076,1696
50076,1697
50074,1795
50074,1796
50074,1797
50074,1798
50076,1698
50074,1799
50076,1699
50074,1800
50076,1700
50074,1801
50076,1701
50074,1802
50074,1803
50074,1804
50074,1805
50074,1806
50076,1702
50074,1807
50074,1808
50076,1703
50076,1704
50074,1809
50074,1810
50074,1811
50074,1812
50076,1705
50076,1706
50074,1813
50076,1707
50074,1814
50074,1815
50074,1816
50074,1817
50076,1708
50076,1709
50074,1818
50076,1710
50074,1819
50076,1711
50074,1820
50074,1821
50076,1712
50074,1822
50074,1823
50076,1713
50076,1714
50074,1824
50076,1715
50074,1825
50076,1716
50074,1826
50074,1827
50074,1828
50074,1829
50074,1830
50074,1831
50076,1717
50076,1718
50076,1719
50074,1832
50076,1720
50076,1721
50076,1722
50076,1723
50074,1833
50074,1834
50074,1835
50074,1836
50076,1724
50076,1725
50076,1726
50074,1837
50074,1838
50076,1727
50074,1839
50074,1840
50074,1841
50074,1842
50074,1843
50076,1728
50076,1729
50074,1844
50076,1730
50074,1845
50074,1846
50074,1847
50076,1731
50076,1732
50074,1848
50074,1849
50076,1733
50074,1850
50076,1734
50074,1851
50076,1735
50074,1852
50076,1736
50076,1737
50076,1738
50076,1739
50076,1740
50074,1853
50074,1854
50076,1741
50076,1743
50076,1743
50074,1855
50076,1744
50074,1856
50074,1857
50076,1745
50074,1858
50074,1859
50076,1746
50074,1860
50076,1747
50074,1861
50074,1862
50076,1748
50076,1749
50074,1863
50074,1864
50074,1865
50076,1750
50076,1751
50074,1866
50076,1752
50074,1867
50074,1868
50074,1869
50076,1753
50076,1754
50074,1870
50074,1871
50074,1872
50074,1873
50076,1755
50074,1874
50074,1875
50076,1756
50076,1757
50076,1758
50076,1759
50076,1760
50076,1761
50076,1762
50074,1876
50076,1763
50074,1877
50074,1878
50076,1764
50076,1765
50074,1879
50074,1880
50076,1766
50074,1881
50074,1883
50074,1883
50076,1767
50076,1768
50076,1769
50074,1884
50076,1770
50074,1885
50076,1771
50076,1772
50076,1773
50074,1886
50076,1774
50076,1775
50074,1887
50076,1776
50074,1888
50074,1889
50076,1777
50074,1890
50074,1891
50076,1778
50076,1779
50076,1780
50076,1781
50076,1782
50074,1892
50076,1783
50074,1893
50076,1784
50074,1894
50074,1895
50076,1785
50074,1896
50074,1897
50074,1898
50074,1899
50076,1786
50074,1901
50074,1901
50074,1902
50074,1903
50076,1787
50076,1788
50074,1904
50076,1789
50074,1905
50076,1790
50074,1906
50076,1791
50074,1907
50074,1908
50074,1909
50074,1910
50074,1911
50076,1792
50074,1912
50074,1913
50076,1793
50074,1914
50076,1794
50074,1915
50076,1795
50076,1796
50076,1797
50076,1798
50074,1916
50076,1799
50076,1800
50074,1917
50076,1801
50074,1918
50076,1802
50076,1803
50076,1804
50076,1805
50074,1919
50076,1806
50074,1920
50076,1807
50074,1921
50076,1808
50074,1922
50074,1923
50074,1924
50076,1809
50076,1810
50074,1925
50076,1811
50076,1812
50076,1813
50074,1926
50076,1814
50074,1927
50076,1815
50074,1928
50076,1816
50074,1929
50074,1930
50074,1931
50076,1817
50074,1932
50076,1818
50076,1819
50074,1933
50074,1934
50076,1820
50076,1821
50074,1935
50076,1822
50076,1823
50074,1936
50074,1937
50074,1938
50076,1824
50076,1825
50076,1826
50074,1939
50076,1827
50076,1828
50076,1830
50076,1830
50076,1831
50074,1940
50074,1941
50074,1942
50076,1832
50074,1943
50074,1944
50074,1945
50076,1833
50074,1946
50076,1834
50076,1835
50074,1947
50076,1836
50076,1837
50076,1838
50076,1839
50074,1948
50074,1949
50076,1840
50076,1841
50074,1950
50074,1951
50074,1952
50076,1842
50074,1953
50076,1843
50074,1954
50076,1844
50076,1845
50076,1847
50076,1847
50074,1955
50074,1956
50076,1848
50076,1849
50076,1850
50074,1957
50074,1958
50074,1959
50076,1851
50076,1852
50074,1960
50076,1853
50074,1961
50076,1854
50076,1855
50076,1856
50074,1962
50074,1963
50074,1964
50076,1857
50076,1858
50074,1965
50076,1859
50074,1966
50076,1860
50074,1967
50076,1861
50076,1862
50074,1968
50076,1863
50076,1864
50074,1969
50074,1970
50076,1865
50076,1866
50076,1867
50076,1868
50074,1971
50076,1869
50076,1870
50074,1972
50074,1973
50076,1871
50074,1974
50074,1975
50076,1872
50074,1976
50074,1977
50076,1873
50074,1979
50076,1874
50074,1979
50076,1875
50076,1876
50074,1980
50074,1981
50074,1982
50074,1983
50074,1984
50074,1985
50076,1877
50074,1986
50076,1878
50074,1987
50074,1988
50076,1879
50076,1880
50076,1881
50074,1989
50076,1882
50074,1990
50076,1884
50076,1884
50076,1885
50076,1887
50076,1887
50074,1991
50076,1888
50076,1889
50076,1890
50076,1891
50074,1992
50076,1892
50074,1993
50076,1893
50074,1994
50076,1894
50076,1895
50074,1995
50076,1896
50076,1897
50074,1996
50076,1898
50074,1997
50076,1899
50076,1900
50074,1998
50074,1999
50076,1901
50076,1902
50076,1903
50074,2000
50074,2002
50074,2002
50076,1904
50074,2003
50076,1906
50076,1906
50074,2004
50076,1907
50076,1908
50076,1909
50074,2005
50074,2006
50076,1910
50074,2007
50074,2008
50076,1911
50074,2009
50074,2010
50076,1912
50074,2011
50074,2012
50076,1913
50076,1914
50074,2013
50076,1915
50074,2014
50076,1916
50076,1917
50074,2015
50074,2016
50076,1918
50074,2017
50074,2018
50076,1919
50076,1920
50074,2019
50076,1921
50076,1922
50076,1923
50076,1924
50074,2020
50076,1925
50076,1926
50074,2021
50074,2022
50074,2023
50074,2024
50076,1927
50076,1928
50076,1929
50074,2025
50074,2026
50076,1930
50076,1931
50074,2027
50076,1932
50076,1933
50074,2028
50074,2029
50076,1934
50074,2030
50074,2031
50074,2032
50076,1935
50074,2033
50074,2034
50074,2035
50074,2036
50076,1936
50074,2037
50076,1937
50076,1938
50074,2038
50076,1939
50076,1940
50074,2039
50076,1941
50074,2040
50074,2041
50076,1942
50076,1943
50074,2042
50076,1944
50074,2043
50076,1945
50074,2044
50074,2045
50074,2046
50074,2047
50074,2048
50074,2049
50074,2050
50076,1946
50074,2051
50076,1947
50076,1948
50076,1949
50076,1950
50074,2052
50074,2053
50074,2054
50076,1951
50074,2055
50074,2056
50074,2057
50076,1952
50074,2058
50074,2059
50074,2060
50074,2061
50076,1953
50074,2062
50076,1954
50076,1955
50074,2063
50074,2065
50074,2065
50074,2066
50074,2067
50074,2068
50074,2069
50076,1956
50076,1957
50074,2070
50076,1958
50074,2071
50076,1959
50074,2072
50074,2073
50074,2074
50074,2075
50074,2076
50074,2077
50074,2078
50074,2079
50076,1960
50076,1961
50076,1962
50074,2080
50074,2081
50076,1963
50074,2082
50074,2083
50076,1964
50076,1965
50076,1966
50074,2084
50076,1967
50074,2085
50074,2086
50076,1968
50074,2087
50076,1969
50076,1970
50076,1971
50074,2088
50076,1972
50076,1973
50074,2089
50074,2090
50076,1974
50076,1976
50076,1976
50076,1977
50074,2091
50074,2092
50074,2093
50074,2094
50074,2095
50074,2096
50076,1978
50074,2097
50074,2098
50076,1979
50076,1980
50076,1981
50074,2099
50076,1982
50076,1983
50076,1984
50074,2100
50076,1985
50076,1986
50076,1987
50074,2101
50074,2102
50076,1988
50076,1989
50074,2103
50074,2104
50076,1990
50076,1991
50076,1992
50076,1993
50074,2105
50074,2106
50076,1994
50076,1995
50074,2107
50074,2108
50076,1996
50074,2109
50074,2110
50074,2111
50074,2112
50076,1999
50076,1999
50076,1999
50074,2113
50076,2000
50076,2001
50076,2002
50076,2003
50076,2004
50074,2114
50076,2006
50076,2006
50074,2115
50074,2116
50074,2117
50076,2007
50076,2008
50074,2118
50074,2119
50076,2009
50076,2010
50076,2011
50076,2012
50074,2120
50076,2013
50074,2121
50076,2014
50074,2122
50076,2015
50076,2016
50076,2017
50076,2018
50074,2123
50074,2124
50074,2125
50074,2126
50074,2127
50074,2128
50074,2129
50076,2019
50074,2130
50076,2020
50074,2131
50074,2132
50076,2021
50076,2022
50074,2133
50074,2134
50076,2023
50074,2135
50074,2136
50076,2024
50074,2137
50076,2025
50074,2138
50076,2026
50074,2139
50074,2140
50076,2027
50074,2141
50076,2028
50074,2143
50074,2143
50076,2029
50074,2144
50074,2145
50076,2030
50074,2146
50076,2031
50074,2147
50076,2032
50074,2148
50076,2033
50074,2149
50074,2150
50074,2151
50074,2152
50076,2034
50074,2153
50076,2035
50074,2154
50076,2036
50074,2155
50076,2037
50074,2156
50076,2038
50076,2039
50074,2157
50074,2158
50076,2040
50076,2041
50074,2159
50076,2042
50074,2160
50076,2043
50076,2044
50076,2045
50074,2161
50074,2162
50076,2046
50076,2047
50076,2048
50076,2049
50076,2050
50076,2051
50074,2163
50076,2052
50076,2053
50074,2164
50074,2165
50074,2166
50074,2167
50076,2054
50074,2168
50074,2169
50076,2055
50074,2170
50076,2056
50074,2171
50074,2172
50076,2057
50076,2058
50076,2059
50074,2173
50076,2060
50074,2174
50076,2061
50074,2175
50074,2176
50074,2177
50076,2062
50076,2063
50074,2178
50076,2064
50074,2179
50074,2180
50076,2065
50074,2181
50076,2066
50074,2182
50076,2067
50074,2183
50074,2184
50074,2185
50076,2068
50074,2186
50074,2187
50076,2069
50074,2188
50076,2070
50074,2189
50074,2190
50074,2191
50076,2071
50074,2192
50074,2193
50076,2072
50074,2194
50074,2195
50076,2073
50074,2196
50074,2197
50076,2074
50076,2075
50074,2198
50076,2076
50076,2077
50074,2199
50074,2200
50076,2078
50074,2201
50076,2079
50076,2080
50074,2202
50076,2081
50074,2203
50074,2204
50074,2205
50074,2206
50076,2082
50076,2083
50074,2207
50076,2084
50074,2208
50074,2209
50074,2210
50074,2211
50074,2212
50074,2213
50076,2085
50074,2214
50074,2216
50074,2216
50074,2217
50074,2218
50076,2086
50076,2087
50076,2088
50074,2219
50074,2220
50074,2221
50076,2089
50076,2090
50076,2091
50074,2222
50074,2223
50076,2092
50076,2093
50074,2224
50076,2094
50076,2095
50074,2225
50076,2096
50076,2097
50076,2098
50074,2226
50076,2099
50076,2100
50076,2101
50076,2102
50076,2103
50076,2104
50074,2227
50076,2105
50074,2228
50074,2229
50076,2106
50074,2230
50074,2231
50076,2107
50074,2232
50076,2108
50074,2234
50074,2234
50074,2235
50074,2236
50076,2110
50076,2110
50076,2111
50074,2237
50076,2112
50076,2113
50074,2238
50076,2114
50076,2115
50074,2239
50074,2240
50074,2241
50074,2242
50074,2243
50074,2244
50074,2245
50076,2116
50076,2117
50074,2246
50074,2247
50076,2118
50074,2248
50074,2249
50074,2250
50076,2119
50076,2120
50074,2251
50076,2121
50076,2122
50076,2123
50074,2252
50076,2124
50076,2125
50074,2253
50076,2126
50076,2127
50074,2254
50076,2128
50076,2129
50076,2130
50074,2255
50076,2131
50076,2132
50074,2256
50076,2133
50074,2258
50074,2258
50074,2259
50074,2260
50074,2261
50076,2134
50076,2135
50076,2136
50076,2137
50076,2138
50074,2262
50076,2139
50074,2263
50076,2140
50074,2264
50076,2141
50076,2142
50076,2143
50074,2265
50076,2144
50074,2266
50074,2267
50074,2268
50074,2269
50076,2145
50076,2146
50076,2147
50076,2148
50074,2270
50076,2149
50074,2271
50076,2150
50076,2151
50076,2152
50076,2153
50076,2154
50076,2155
50074,2272
50076,2156
50076,2157
50076,2158
50076,2159
50074,2273
50076,2160
50076,2161
50074,2274
50076,2162
50076,2163
50076,2164
50076,2165
50076,2166
50076,2167
50076,2168
50076,2169
50076,2170
50074,2275
50074,2276
50076,2171
50076,2172
50076,2173
50076,2174
50076,2175
50074,2277
50076,2176
50074,2278
50074,2279
50076,2177
50076,2178
50076,2179
50074,2280
50074,2281
50074,2282
50074,2283
50076,2180
50076,2181
50074,2284
50076,2182
50074,2285
50074,2286
50076,2183
50076,2184
50074,2287
50074,2288
50076,2185
50074,2289
50074,2290
50076,2186
50076,2187
50074,2291
50074,2292
50076,2188
50076,2189
50074,2293
50076,2190
50076,2191
50076,2192
50074,2294
50074,2296
50076,2193
50074,2296
50074,2297
50074,2298
50076,2194
50074,2299
50076,2195
50076,2196
50076,2197
50076,2198
50074,2300
50074,2301
50076,2199
50076,2200
50074,2302
50076,2201
50074,2303
50076,2202
50074,2304
50074,2305
50076,2203
50074,2306
50074,2307
50074,2308
50076,2204
50074,2309
50074,2310
50074,2311
50076,2205
50076,2206
50076,2207
50074,2312
50076,2208
50076,2209
50076,2210
50076,2211
50076,2212
50074,2313
50074,2314
50076,2213
50076,2214
50074,2315
50076,2215
50074,2316
50074,2317
50076,2216
50076,2217
50074,2318
50076,2218
50074,2319
50074,2320
50076,2219
50076,2220
50074,2321
50074,2322
50076,2221
50074,2323
50076,2222
50076,2223
50074,2324
50074,2325
50074,2326
50076,2224
50074,2327
50074,2328
50074,2329
50076,2225
50074,2330
50076,2226
50076,2227
50076,2228
50076,2229
50076,2230
50076,2231
50074,2331
50076,2232
50074,2332
50076,2233
50074,2333
50076,2234
50076,2235
50074,2334
50074,2335
50074,2336
50074,2337
50074,2338
50074,2339
50074,2340
50074,2341
50074,2342
50076,2236
50074,2343
50074,2344
50076,2237
50074,2345
50076,2238
50076,2239
50074,2346
50076,2240
50074,2347
50074,2348
50074,2349
50076,2241
50076,2242
50076,2243
50074,2350
50074,2351
50074,2352
50076,2244
50074,2353
50074,2354
50074,2355
50076,2245
50074,2356
50076,2246
50076,2247
50074,2357
50074,2358
50074,2359
50076,2248
50076,2249
50074,2360
50074,2361
50074,2362
50074,2363
50074,2364
50074,2365
50074,2366
50074,2367
50076,2250
50076,2251
50074,2368
50074,2369
50074,2370
50074,2371
50074,2372
50076,2252
50074,2373
50076,2253
50074,2374
50076,2254
50074,2375
50074,2376
50076,2255
50076,2256
50074,2377
50076,2257
50074,2378
50074,2379
50076,2258
50074,2380
50074,2381
50074,2382
50076,2259
50076,2260
50074,2383
50076,2261
50076,2262
50074,2384
50074,2386
50076,2263
50074,2386
50076,2264
50074,2387
50074,2388
50076,2265
50076,2266
50074,2389
50074,2390
50076,2267
50074,2391
50074,2392
50076,2268
50076,2269
50076,2270
50076,2272
50076,2272
50074,2393
50074,2394
50076,2273
50076,2274
50074,2395
50076,2275
50074,2396
50074,2397
50074,2398
50076,2276
50076,2277
50076,2278
50076,2279
50074,2399
50076,2280
50076,2281
50074,2400
50074,2401
50074,2402
50074,2403
50074,2404
50076,2282
50074,2405
50074,2406
50074,2407
50074,2408
50074,2409
50076,2283
50074,2410
50074,2411
50076,2284
50076,2285
50076,2286
50074,2412
50074,2413
50076,2287
50074,2414
50076,2288
50076,2289
50076,2290
50074,2415
50076,2291
50074,2416
50076,2292
50074,2417
50076,2293
50076,2294
50076,2295
50076,2296
50076,2297
50076,2298
50076,2299
50074,2418
50074,2419
50074,2420
50074,2421
50074,2422
50074,2423
50076,2300
50074,2424
50074,2425
50074,2427
50074,2427
50076,2301
50076,2302
50074,2428
50076,2304
50076,2304
50076,2305
50076,2306
50076,2307
50074,2429
50076,2308
50076,2309
50076,2310
50076,2311
50074,2430
50074,2431
50076,2312
50074,2432
50076,2313
50076,2314
50074,2433
50076,2315
50074,2434
50076,2316
50074,2435
50074,2436
50076,2317
50074,2437
50074,2438
50076,2318
50074,2439
50076,2319
50074,2440
50074,2441
50076,2320
50076,2321
50074,2442
50076,2322
50074,2443
50074,2444
50076,2324
50076,2324
50076,2325
50074,2445
50074,2446
50074,2447
50074,2449
50074,2449
50074,2450
50076,2326
50074,2451
50076,2327
50076,2328
50074,2452
50076,2329
50076,2330
50074,2453
50076,2331
50076,2332
50074,2454
50076,2333
50074,2455
50074,2456
50076,2334
50074,2457
50074,2458
50076,2335
50074,2459
50074,2460
50076,2336
50076,2337
50076,2338
50074,2461
50074,2462
50076,2339
50074,2463
50076,2340
50074,2464
50074,2465
50074,2466
50076,2341
50076,2342
50074,2467
50074,2468
50074,2469
50076,2343
50076,2344
50076,2345
50076,2346
50076,2347
50076,2348
50074,2470
50076,2349
50076,2350
50076,2351
50074,2471
50074,2472
50076,2352
50074,2473
50076,2353
50074,2474
50076,2354
50076,2355
50076,2356
50076,2357
50076,2358
50076,2359
50076,2360
50074,2475
50076,2361
50076,2362
50076,2363
50074,2476
50076,2364
50076,2365
50074,2477
50076,2366
50074,2478
50076,2367
50074,2479
50074,2481
50074,2481
50076,2368
50076,2369
50076,2370
50076,2371
50074,2482
50074,2483
50076,2372
50074,2484
50076,2373
50076,2374
50076,2375
50074,2485
50076,2376
50074,2486
50074,2487
50076,2377
50074,2488
50076,2378
50074,2489
50076,2379
50076,2380
50076,2381
50076,2382
50076,2383
50074,2490
50074,2491
50076,2384
50076,2385
50074,2492
50074,2493
50074,2494
50074,2495
50074,2496
50074,2497
50074,2498
50076,2386
50076,2387
50074,2499
50074,2500
50074,2501
50076,2388
50074,2502
50076,2389
50076,2390
50076,2391
50074,2503
50074,2504
50076,2392
50074,2505
50076,2393
50074,2506
50074,2507
50076,2394
50076,2395
50076,2396
50074,2508
50076,2397
50074,2509
50076,2398
50074,2510
50074,2511
50074,2512
50076,2399
50074,2513
50076,2400
50076,2401
50076,2402
50074,2514
50074,2515
50076,2403
50074,2516
50076,2404
50076,2405
50074,2517
50076,2406
50074,2518
50076,2407
50074,2519
50074,2520
50076,2408
50076,2409
50076,2410
50074,2521
50074,2522
50076,2411
50076,2412
50074,2523
50074,2524
50074,2525
50076,2413
50076,2414
50074,2526
50074,2527
50076,2415
50076,2416
50074,2528
50076,2417
50076,2418
50074,2529
50074,2530
50074,2531
50076,2419
50076,2420
50074,2532
50074,2533
50076,2421
50074,2534
50074,2535
50076,2422
50076,2423
50074,2536
50076,2424
50074,2537
50074,2538
50074,2539
50076,2425
50074,2540
50074,2541
50076,2426
50074,2542
50076,2427
50074,2543
50074,2544
50076,2428
50074,2545
50076,2429
50074,2546
50074,2547
50074,2548
50074,2549
50074,2550
50074,2551
50074,2552
50076,2430
