50078,1
50080,1
50078,2
50080,2
50078,3
50080,3
50080,4
50078,4
50078,5
50080,5
50078,6
50080,6
50078,7
50080,7
50078,8
50080,8
50078,9
50080,9
50078,10
50080,10
50078,11
50080,11
50078,12
50080,12
50078,13
50080,13
50078,14
50080,14
50078,15
50080,15
50078,16
50080,16
50078,17
50080,17
50078,18
50080,18
50078,19
50080,19
50078,20
50080,20
50078,21
50080,21
50080,22
50078,22
50080,23
50078,23
50078,24
50080,24
50080,25
50080,26
50080,27
50078,25
50080,28
50078,26
50080,29
50080,30
50078,27
50078,28
50080,31
50078,29
50080,32
50078,30
50080,33
50078,31
50080,34
50078,32
50080,35
50080,36
50078,33
50080,37
50080,38
50078,34
50078,35
50080,39
50078,36
50080,40
50078,37
50080,41
50078,38
50080,42
50078,39
50080,43
50078,40
50080,44
50078,41
50080,45
50078,42
50080,46
50080,47
50078,43
50078,44
50080,48
50080,49
50078,45
50080,50
50078,46
50080,51
50078,47
50080,52
50080,53
50078,48
50078,49
50080,54
50078,50
50080,55
50078,51
50080,56
50080,57
50078,52
50078,53
50080,58
50078,54
50078,55
50080,59
50078,56
50080,60
50078,57
50080,61
50078,58
50080,62
50080,63
50078,59
50080,64
50078,60
50080,65
50078,61
50080,66
50080,67
50078,62
50078,63
50080,68
50078,64
50080,69
50078,65
50080,70
50078,66
50080,71
50078,67
50080,72
50078,68
50080,73
50078,69
50080,74
50078,70
50080,75
50078,71
50080,76
50078,72
50080,77
50080,78
50078,73
50078,74
50080,79
50080,80
50078,75
50078,76
50080,81
50080,82
50078,77
50078,78
50080,83
50080,84
50078,79
50080,85
50078,80
50080,86
50078,81
50080,87
50078,82
50078,83
50080,88
50080,89
50078,84
50080,90
50078,85
50080,91
50078,86
50078,87
50078,88
50078,89
50080,92
50078,90
50080,93
50078,91
50080,94
50078,92
50078,93
50080,95
50080,96
50078,94
50078,95
50080,97
50078,96
50080,98
50080,99
50078,97
50080,100
50080,101
50078,98
50080,102
50078,99
50080,103
50078,100
50080,104
50080,105
50080,106
50078,101
50080,107
50080,108
50080,109
50078,102
50080,110
50078,103
50080,111
50078,104
50080,112
50078,105
50080,113
50080,114
50078,106
50078,107
50080,115
50078,108
50080,116
50078,109
50080,117
50080,118
50078,110
50080,119
50078,111
50080,120
50078,112
50078,113
50080,121
50078,114
50080,122
50078,115
50080,123
50080,124
50078,116
50078,117
50080,125
50078,118
50080,126
50080,127
50078,119
50080,128
50078,120
50080,129
50078,121
50080,130
50080,131
50078,122
50080,132
50078,123
50080,133
50078,124
50078,125
50080,134
50078,126
50080,135
50080,136
50078,127
50080,137
50078,128
50078,129
50080,138
50078,130
50080,139
50078,131
50080,140
50078,132
50080,141
50078,133
50080,142
50078,134
50080,143
50078,135
50080,144
50078,136
50080,145
50078,137
50078,138
50080,146
50078,139
50080,147
50078,140
50080,148
50080,149
50078,141
50078,142
50078,143
50080,150
50078,144
50080,151
50078,145
50078,146
50080,152
50078,147
50080,153
50080,154
50078,148
50080,155
50078,149
50080,156
50080,157
50080,158
50078,150
50080,159
50078,151
50078,152
50078,153
50078,154
50080,160
50078,155
50080,161
50078,156
50080,162
50078,157
50080,163
50078,158
50080,164
50080,165
50080,166
50078,159
50080,167
50078,160
50078,161
50080,168
50078,162
50080,169
50078,163
50080,170
50080,171
50078,164
50078,165
50080,172
50078,166
50080,173
50078,167
50080,174
50078,168
50080,175
50080,176
50078,169
50080,178
50080,178
50078,170
50080,179
50080,180
50078,171
50080,181
50078,172
50078,173
50080,182
50078,174
50080,183
50080,184
50078,175
50078,176
50080,185
50078,177
50078,178
50080,186
50078,179
50080,187
50078,180
50080,188
50078,181
50080,189
50080,190
50080,191
50078,182
50078,183
50080,192
50078,184
50080,193
50080,194
50078,185
50080,195
50080,196
50078,186
50078,187
50080,197
50080,198
50078,188
50080,199
50078,189
50080,200
50080,201
50078,190
50080,202
50080,203
50078,191
50078,192
50078,193
50080,204
50080,205
50080,206
50078,194
50080,207
50080,208
50078,195
50078,196
50080,209
50080,210
50078,197
50078,198
50078,199
50080,211
50078,200
50080,212
50080,213
50080,214
50078,201
50080,215
50078,202
50078,203
50080,216
50078,204
50080,217
50080,218
50080,219
50078,205
50078,206
50080,220
50078,207
50080,221
50078,208
50080,222
50078,209
50080,223
50080,224
50078,210
50080,225
50080,226
50078,211
50078,212
50080,227
50080,228
50078,213
50078,214
50080,229
50078,215
50080,230
50080,231
50080,232
50078,216
50078,217
50080,233
50078,218
50080,234
50078,219
50080,235
50080,236
50078,220
50080,237
50080,238
50078,221
50080,239
50080,240
50078,222
50080,241
50078,223
50080,242
50078,224
50080,243
50080,244
50078,225
50078,226
50078,227
50080,245
50080,246
50080,247
50080,248
50078,228
50080,249
50078,229
50078,230
50080,250
50078,231
50080,251
50080,252
50080,253
50078,232
50080,254
50078,233
50078,234
50080,255
50078,235
50080,256
50080,257
50078,236
50078,237
50080,258
50078,238
50080,259
50080,260
50078,239
50080,261
50078,240
50078,241
50080,262
50078,242
50080,263
50080,264
50080,265
50078,243
50080,266
50078,244
50078,245
50080,267
50078,246
50080,268
50078,247
50080,269
50078,248
50080,270
50078,249
50080,271
50078,250
50080,272
50078,251
50080,273
50078,252
50080,274
50078,253
50080,275
50078,254
50078,255
50078,256
50080,276
50078,257
50078,258
50080,277
50078,259
50078,260
50078,261
50080,278
50080,279
50078,262
50078,263
50080,280
50080,281
50078,264
50078,265
50080,282
50078,266
50080,283
50078,267
50080,284
50078,268
50078,269
50078,270
50078,271
50078,272
50078,273
50080,285
50078,274
50078,275
50080,286
50078,276
50078,277
50080,287
50080,288
50078,278
50078,279
50080,289
50080,290
50078,280
50080,291
50078,281
50080,292
50078,282
50080,293
50078,283
50078,284
50080,294
50080,295
50080,296
50078,285
50078,286
50080,297
50078,287
50080,298
50080,299
50078,288
50080,300
50078,289
50080,301
50080,302
50080,303
50078,290
50078,291
50080,304
50078,292
50080,305
50080,306
50080,307
50078,293
50080,308
50080,309
50078,294
50080,310
50078,295
50078,296
50080,311
50078,297
50080,312
50080,313
50080,314
50078,298
50080,315
50080,316
50080,317
50078,299
50078,300
50080,318
50078,301
50080,319
50078,302
50080,320
50078,303
50080,321
50078,304
50078,305
50078,306
50080,322
50080,323
50078,307
50080,324
50078,308
50078,309
50078,310
50080,325
50080,326
50080,327
50078,311
50078,312
50080,328
50078,313
50078,314
50080,329
50078,315
50080,330
50078,316
50080,331
50078,317
50080,332
50080,333
50078,318
50080,334
50078,319
50078,320
50080,335
50078,321
50078,322
50078,323
50078,324
50078,325
50078,326
50080,336
50078,327
50078,328
50080,337
50078,329
50080,338
50078,330
50078,331
50080,339
50078,332
50078,333
50080,340
50080,341
50080,342
50080,343
50080,344
50080,345
50080,346
50080,347
50078,334
50080,348
50080,349
50078,335
50080,350
50080,351
50078,336
50080,352
50080,353
50080,354
50078,337
50078,338
50080,355
50080,356
50080,357
50080,358
50078,339
50080,359
50078,340
50080,360
50078,341
50078,342
50080,361
50078,343
50078,344
50080,362
50078,345
50080,363
50078,346
50080,364
50080,365
50080,366
50078,347
50080,367
50078,348
50080,368
50078,349
50080,369
50078,350
50078,351
50080,370
50078,352
50080,371
50078,353
50080,372
50078,354
50080,373
50078,355
50080,374
50078,356
50080,375
50078,357
50080,376
50078,358
50080,377
50080,378
50078,359
50080,379
50078,360
50080,380
50078,361
50080,381
50078,362
50080,382
50078,363
50078,364
50078,365
50080,383
50080,384
50080,385
50080,386
50078,366
50078,367
50080,387
50080,388
50080,389
50080,391
50080,391
50078,368
50080,392
50078,369
50078,370
50080,393
50078,371
50080,394
50080,395
50078,372
50078,373
50078,374
50080,396
50078,375
50080,397
50078,376
50080,398
50080,399
50080,400
50080,401
50078,377
50080,402
50080,403
50080,404
50078,378
50080,405
50078,379
50078,380
50080,406
50080,407
50078,381
50078,382
50078,383
50078,384
50080,408
50080,409
50078,385
50080,410
50078,386
50080,411
50078,387
50078,388
50078,389
50080,412
50078,390
50080,413
50080,414
50078,391
50078,392
50080,415
50078,393
50078,394
50078,395
50080,416
50080,417
50078,396
50080,418
50078,397
50078,398
50080,419
50080,420
50078,399
50080,421
50078,400
50080,422
50080,423
50078,401
50080,424
50080,425
50080,426
50078,402
50078,403
50080,427
50078,404
50080,428
50080,429
50078,405
50080,430
50078,406
50080,431
50080,432
50078,407
50078,408
50080,433
50078,409
50080,434
50080,435
50078,410
50078,411
50080,436
50080,437
50078,412
50080,438
50080,439
50078,413
50078,414
50080,440
50080,441
50078,415
50078,416
50080,442
50078,417
50080,443
50080,444
50080,445
50078,418
50078,419
50080,446
50080,447
50080,448
50078,420
50080,449
50078,421
50080,450
50078,422
50080,451
50078,423
50078,424
50080,452
50080,453
50078,425
50078,426
50080,454
50080,455
50080,456
50078,427
50080,457
50078,428
50080,458
50078,429
50080,459
50080,460
50078,430
50080,461
50078,431
50080,462
50078,432
50078,433
50078,434
50078,435
50078,436
50080,463
50080,464
50078,437
50080,465
50080,466
50078,438
50080,467
50080,468
50078,439
50080,469
50078,440
50080,470
50078,441
50080,471
50080,472
50080,473
50078,442
50080,474
50080,475
50078,443
50078,444
50078,445
50078,446
50080,476
50080,477
50080,478
50078,447
50078,448
50080,479
50080,480
50078,449
50078,451
50078,451
50080,481
50080,482
50078,452
50080,483
50078,453
50080,484
50080,485
50078,454
50080,486
50078,455
50080,487
50078,456
50080,488
50078,457
50080,489
50080,490
50078,458
50078,459
50080,491
50078,460
50080,492
50080,493
50078,461
50078,462
50080,494
50078,463
50078,464
50080,495
50080,496
50078,465
50080,497
50078,466
50080,498
50078,467
50080,499
50080,500
50078,468
50080,501
50078,469
50078,470
50078,471
50080,502
50078,472
50080,503
50078,473
50080,504
50080,505
50078,474
50080,506
50080,507
50078,475
50080,508
50078,476
50078,477
50080,509
50080,510
50078,478
50080,511
50078,479
50078,480
50080,512
50078,481
50080,513
50078,482
50080,514
50078,484
50078,484
50080,515
50080,516
50078,485
50078,486
50080,517
50078,487
50080,518
50078,488
50078,489
50078,490
50080,519
50080,520
50078,491
50078,492
50080,521
50078,493
50080,522
50078,494
50078,495
50078,496
50080,523
50080,524
50080,525
50080,526
50080,527
50080,528
50080,529
50078,497
50080,530
50078,498
50080,531
50078,499
50080,532
50078,500
50078,501
50080,533
50080,534
50078,502
50078,503
50078,504
50080,535
50080,536
50078,505
50080,537
50078,506
50078,507
50080,538
50078,508
50080,539
50078,509
50078,510
50080,540
50078,511
50080,541
50078,512
50078,513
50080,542
50080,543
50078,514
50080,544
50078,515
50080,545
50078,516
50080,546
50078,517
50080,547
50080,548
50078,518
50080,549
50078,519
50080,550
50078,520
50078,521
50080,551
50080,552
50080,553
50078,522
50080,554
50078,523
50080,555
50078,524
50080,556
50078,525
50078,526
50080,557
50078,527
50080,558
50080,559
50080,560
50078,528
50080,561
50080,562
50078,529
50080,563
50078,530
50078,531
50080,564
50078,532
50080,565
50078,533
50080,566
50078,534
50080,567
50080,568
50078,535
50080,569
50080,570
50078,536
50078,537
50080,571
50078,538
50080,572
50078,539
50080,573
50078,540
50080,574
50078,541
50080,575
50078,542
50080,576
50080,577
50078,543
50080,578
50080,579
50078,544
50080,580
50080,581
50078,545
50078,546
50080,582
50078,547
50080,583
50080,584
50078,548
50080,585
50078,549
50080,586
50078,550
50080,587
50078,551
50078,553
50078,553
50078,554
50080,588
50078,555
50078,556
50080,589
50080,590
50078,557
50078,558
50080,591
50080,592
50080,593
50078,559
50080,594
50078,560
50078,561
50080,595
50078,562
50078,563
50080,596
50080,597
50078,564
50080,598
50078,565
50080,599
50078,566
50080,600
50078,567
50080,601
50078,568
50080,602
50080,603
50078,569
50080,604
50080,605
50080,606
50078,570
50080,607
50078,571
50080,608
50080,609
50080,610
50078,572
50080,611
50080,612
50078,573
50080,613
50078,574
50078,575
50078,576
50080,614
50078,577
50080,615
50078,578
50080,616
50078,579
50080,617
50078,580
50080,618
50080,619
50078,581
50080,620
50080,621
50078,582
50080,622
50078,583
50080,623
50078,584
50078,585
50080,624
50080,625
50080,626
50078,586
50080,627
50078,587
50080,628
50080,629
50078,588
50080,630
50078,589
50080,631
50080,632
50078,590
50080,633
50078,591
50080,634
50080,635
50078,592
50080,636
50078,593
50078,594
50080,637
50080,638
50080,639
50078,595
50080,640
50080,641
50078,596
50080,642
50080,643
50080,644
50078,597
50080,645
50078,598
50080,646
50078,599
50078,600
50080,647
50078,601
50078,602
50080,648
50080,649
50078,603
50078,604
50080,650
50080,651
50078,605
50080,652
50080,653
50078,606
50080,654
50080,655
50078,607
50080,656
50078,608
50080,657
50078,609
50078,610
50080,658
50078,611
50080,659
50078,612
50078,613
50080,660
50078,614
50080,661
50080,662
50080,663
50078,615
50080,664
50080,665
50080,666
50080,667
50080,668
50078,616
50080,669
50078,617
50080,670
50080,671
50078,618
50080,672
50078,620
50078,620
50080,673
50080,674
50080,675
50078,621
50080,676
50080,677
50080,678
50078,622
50080,679
50078,623
50080,680
50078,624
50078,625
50080,681
50078,626
50080,682
50078,627
50080,683
50078,628
50078,629
50078,630
50080,684
50080,685
50080,686
50078,631
50080,687
50078,632
50078,633
50078,634
50078,635
50080,688
50080,689
50078,636
50080,690
50078,637
50080,691
50080,692
50078,638
50078,639
50080,693
50080,694
50080,695
50080,696
50078,640
50078,641
50080,697
50080,698
50078,642
50080,699
50078,643
50080,700
50078,644
50080,701
50078,645
50078,646
50080,702
50078,647
50078,648
50080,703
50080,704
50078,649
50080,705
50080,706
50080,707
50078,650
50080,708
50080,709
50080,710
50078,651
50078,652
50080,711
50078,653
50080,712
50078,654
50078,655
50080,713
50080,714
50080,715
50078,656
50080,716
50078,657
50080,717
50078,658
50080,718
50078,659
50078,660
50080,719
50080,720
50080,721
50078,661
50078,662
50078,663
50080,722
50078,664
50078,665
50080,723
50078,666
50080,724
50080,725
50078,667
50080,726
50078,668
50080,727
50078,670
50078,670
50080,728
50078,671
50080,729
50078,672
50080,730
50078,673
50078,674
50080,731
50078,675
50078,676
50080,732
50078,677
50080,733
50078,678
50080,734
50080,735
50080,736
50078,679
50080,737
50080,738
50078,680
50080,739
50078,681
50078,682
50080,740
50078,683
50078,684
50080,741
50078,685
50078,686
50080,742
50080,743
50080,744
50078,687
50078,688
50078,689
50080,745
50078,690
50080,746
50078,691
50080,747
50080,748
50078,692
50080,749
50078,693
50078,694
50078,695
50080,750
50080,751
50078,696
50080,752
50080,753
50078,697
50078,698
50080,754
50080,755
50078,699
50080,756
50078,700
50078,701
50080,757
50078,702
50080,758
50078,703
50080,759
50078,704
50080,760
50080,761
50078,705
50078,706
50080,762
50080,763
50078,707
50080,764
50078,708
50080,765
50078,709
50080,766
50078,710
50080,767
50078,711
50078,712
50078,713
50080,768
50080,769
50078,714
50080,770
50080,771
50078,715
50078,716
50080,772
50080,773
50078,717
50080,774
50078,718
50080,775
50080,776
50078,719
50078,720
50080,777
50080,779
50080,779
50078,721
50078,722
50080,780
50080,781
50078,723
50080,782
50078,724
50080,783
50080,784
50078,726
50078,726
50078,727
50080,785
50080,786
50078,728
50080,787
50078,729
50080,788
50080,789
50078,730
50080,790
50078,731
50080,791
50080,792
50080,793
50078,732
50080,794
50078,733
50078,734
50080,795
50078,735
50080,796
50080,797
50078,736
50078,737
50080,798
50078,738
50080,799
50078,741
50078,741
50078,741
50080,800
50078,742
50080,801
50078,743
50078,744
50080,802
50078,745
50078,746
50078,747
50078,748
50080,803
50080,804
50078,749
50080,805
50078,750
50080,806
50078,751
50080,807
50080,808
50080,809
50078,752
50078,753
50080,810
50078,754
50080,811
50080,812
50078,755
50080,813
50078,756
50078,757
50080,814
50080,815
50078,758
50078,759
50078,760
50080,816
50080,817
50078,761
50080,818
50078,762
50080,819
50078,763
50078,764
50080,820
50080,821
50078,765
50080,822
50080,823
50080,824
50078,766
50080,825
50078,767
50080,826
50078,768
50080,827
50078,769
50080,828
50078,770
50080,829
50078,771
50080,830
50078,772
50080,831
50078,773
50080,832
50080,833
50078,774
50080,834
50080,835
50080,836
50078,775
50080,837
50078,776
50080,838
50080,839
50078,777
50080,840
50078,778
50080,841
50078,779
50080,842
50078,780
50080,843
50078,781
50080,844
50080,845
50078,782
50078,783
50080,846
50078,784
50080,847
50078,785
50080,848
50078,786
50080,849
50080,850
50078,787
50080,851
50080,852
50078,788
50080,853
50078,789
50080,854
50080,855
50078,790
50080,856
50078,791
50080,857
50078,792
50080,858
50078,793
50078,794
50080,859
50078,795
50080,860
50078,796
50078,797
50080,861
50080,862
50078,798
50078,799
50080,863
50078,800
50080,864
50080,865
50078,801
50078,802
50080,866
50078,803
50080,867
50078,804
50080,868
50078,805
50080,869
50078,806
50080,870
50078,807
50080,871
50078,808
50078,809
50078,810
50080,872
50080,873
50078,811
50080,874
50078,812
50078,813
50080,875
50078,814
50080,876
50078,815
50080,877
50078,816
50080,878
50078,817
50080,879
50078,818
50080,880
50080,881
50078,819
50080,882
50078,820
50078,821
50080,883
50078,822
50078,823
50080,884
50080,885
50080,886
50078,824
50080,887
50078,825
50078,826
50078,827
50078,828
50080,888
50078,829
50078,830
50080,889
50078,831
50080,890
50080,891
50078,832
50080,892
50078,833
50078,834
50080,893
50078,835
50078,836
50080,894
50078,837
50080,895
50078,838
50080,896
50080,897
50078,839
50080,898
50078,840
50080,899
50080,900
50080,901
50080,902
50078,841
50080,903
50080,904
50078,842
50080,905
50078,843
50080,906
50078,844
50080,907
50078,845
50080,908
50078,846
50078,847
50080,909
50078,848
50078,849
50080,910
50080,911
50078,850
50078,851
50080,912
50080,913
50078,852
50080,914
50078,853
50078,854
50080,915
50078,855
50080,916
50080,917
50080,918
50078,856
50080,919
50078,857
50080,920
50080,921
50078,858
50080,922
50078,859
50078,860
50080,923
50080,924
50078,861
50080,925
50080,926
50078,862
50080,927
50078,863
50078,864
50080,928
50078,865
50078,866
50080,929
50078,867
50080,930
50080,931
50078,868
50078,869
50080,932
50078,870
50078,871
50080,933
50078,872
50080,934
50080,935
50078,873
50080,936
50078,874
50080,937
50078,875
50078,876
50080,938
50080,939
50078,877
50080,940
50080,941
50078,878
50078,879
50080,942
50080,943
50078,880
50080,944
50080,945
50078,881
50078,882
50080,946
50078,883
50078,884
50078,885
50080,947
50078,886
50080,948
50080,949
50080,950
50078,887
50078,888
50080,951
50080,952
50078,889
50080,953
50078,890
50080,954
50078,891
50078,892
50080,955
50080,957
50080,957
50078,893
50078,894
50080,958
50078,895
50080,959
50078,896
50080,960
50078,897
50080,961
50078,898
50080,962
50078,899
50080,963
50080,964
50080,965
50078,900
50080,966
50080,967
50080,968
50078,901
50078,902
50080,969
50078,903
50080,970
50078,904
50080,971
50078,905
50080,972
50078,906
50080,973
50078,907
50078,908
50080,974
50078,909
50080,975
50078,910
50080,976
50078,911
50080,977
50078,912
50078,913
50078,914
50080,978
50078,915
50080,979
50080,980
50078,916
50080,981
50080,982
50080,983
50078,917
50080,984
50080,985
50078,918
50078,919
50080,986
50078,920
50080,987
50078,921
50078,922
50080,988
50078,923
50080,989
50078,924
50080,990
50078,925
50080,991
50078,926
50080,992
50078,927
50078,928
50080,993
50080,994
50080,995
50078,929
50080,996
50078,930
50078,931
50078,932
50080,997
50078,933
50080,998
50078,934
50080,999
50080,1000
50080,1001
50078,935
50080,1002
50078,936
50080,1003
50078,937
50080,1004
50078,938
50080,1005
50080,1006
50080,1007
50080,1008
50078,939
50080,1009
50080,1010
50078,940
50080,1012
50080,1012
50080,1013
50078,941
50078,942
50080,1014
50078,943
50080,1015
50078,944
50080,1016
50080,1017
50078,945
50080,1018
50080,1019
50080,1020
50078,946
50080,1021
50078,947
50078,948
50078,949
50078,950
50080,1022
50080,1023
50078,951
50078,952
50080,1024
50078,953
50078,954
50078,955
50080,1025
50080,1026
50080,1028
50080,1028
50080,1029
50080,1030
50078,956
50078,957
50080,1031
50080,1032
50078,958
50078,959
50080,1033
50078,960
50080,1034
50080,1035
50078,961
50080,1036
50078,962
50080,1037
50078,963
50080,1038
50078,964
50078,965
50080,1039
50080,1040
50080,1041
50078,966
50080,1042
50078,967
50078,968
50080,1043
50078,969
50080,1044
50078,970
50080,1045
50080,1046
50080,1047
50078,971
50080,1048
50078,972
50080,1049
50078,973
50078,974
50080,1050
50080,1051
50078,975
50080,1052
50080,1053
50078,976
50080,1054
50078,977
50080,1055
50078,978
50080,1056
50078,979
50078,980
50078,981
50080,1057
50080,1058
50078,982
50080,1059
50078,983
50078,984
50078,985
50080,1060
50080,1061
50080,1062
50078,987
50078,987
50078,988
50078,989
50078,990
50080,1063
50080,1064
50078,991
50078,992
50080,1065
50078,993
50080,1066
50080,1067
50078,994
50080,1068
50078,995
50080,1069
50080,1070
50078,996
50078,997
50080,1071
50080,1072
50078,998
50080,1073
50078,999
50078,1000
50078,1001
50080,1074
50080,1075
50078,1002
50078,1003
50080,1076
50078,1004
50078,1005
50080,1077
50080,1078
50078,1006
50080,1079
50080,1080
50078,1007
50078,1008
50080,1081
50080,1082
50080,1083
50080,1084
50080,1085
50080,1086
50078,1009
50080,1087
50078,1010
50080,1088
50080,1089
50080,1090
50078,1011
50080,1091
50078,1012
50080,1092
50080,1093
50078,1013
50080,1094
50078,1014
50078,1015
50080,1095
50078,1016
50080,1096
50078,1017
50080,1097
50080,1098
50080,1099
50078,1018
50080,1100
50078,1019
50078,1020
50080,1101
50080,1102
50078,1021
50080,1103
50078,1022
50080,1104
50078,1023
50080,1105
50078,1024
50078,1025
50080,1106
50080,1107
50078,1026
50078,1027
50080,1108
50080,1109
50078,1028
50080,1110
50078,1029
50080,1111
50078,1030
50078,1031
50078,1032
50078,1033
50078,1034
50078,1035
50078,1036
50078,1037
50078,1038
50080,1112
50080,1113
50078,1039
50080,1114
50080,1115
50080,1116
50078,1040
50078,1041
50080,1117
50080,1118
50078,1042
50078,1043
50080,1119
50078,1044
50080,1120
50080,1121
50078,1045
50080,1122
50080,1123
50078,1046
50080,1124
50078,1047
50080,1125
50078,1048
50080,1126
50080,1127
50078,1049
50080,1128
50080,1129
50078,1050
50080,1130
50078,1051
50080,1131
50080,1132
50078,1052
50080,1133
50080,1134
50078,1053
50080,1135
50080,1136
50078,1054
50080,1137
50078,1055
50080,1138
50080,1139
50078,1056
50078,1057
50080,1140
50078,1058
50080,1141
50078,1059
50078,1060
50080,1142
50080,1143
50078,1061
50080,1144
50078,1062
50080,1145
50078,1063
50080,1146
50078,1064
50078,1065
50080,1147
50080,1148
50078,1066
50078,1067
50080,1149
50078,1068
50080,1150
50078,1069
50078,1070
50078,1071
50080,1151
50080,1152
50080,1153
50078,1072
50078,1073
50080,1154
50078,1074
50078,1075
50080,1155
50078,1076
50080,1156
50078,1077
50078,1078
50080,1157
50080,1158
50080,1159
50078,1079
50078,1080
50080,1160
50080,1161
50078,1081
50078,1082
50080,1162
50078,1083
50078,1084
50080,1163
50078,1085
50078,1086
50080,1164
50078,1087
50080,1165
50080,1166
50078,1088
50078,1089
50080,1167
50078,1090
50078,1091
50080,1168
50078,1092
50080,1169
50080,1170
50078,1093
50078,1094
50080,1171
50078,1095
50078,1096
50080,1172
50080,1173
50078,1097
50078,1098
50080,1174
50080,1175
50078,1099
50080,1176
50078,1100
50078,1101
50080,1177
50078,1102
50080,1178
50078,1103
50080,1179
50078,1104
50078,1105
50080,1180
50078,1106
50078,1107
50080,1181
50080,1182
50078,1108
50080,1183
50078,1109
50080,1184
50080,1185
50078,1110
50078,1111
50078,1112
50078,1113
50078,1114
50080,1186
50080,1187
50078,1115
50080,1188
50080,1189
50078,1116
50078,1117
50080,1190
50078,1118
50078,1119
50080,1191
50080,1192
50078,1120
50078,1121
50080,1193
50080,1194
50078,1122
50078,1123
50080,1195
50078,1124
50080,1196
50080,1197
50078,1125
50080,1198
50078,1126
50080,1199
50080,1200
50080,1201
50078,1127
50080,1202
50080,1203
50078,1128
50080,1205
50080,1205
50078,1129
50080,1206
50080,1207
50078,1130
50078,1131
50080,1208
50078,1132
50080,1209
50078,1133
50080,1210
50078,1134
50080,1211
50078,1135
50080,1212
50080,1213
50080,1214
50078,1136
50078,1137
50080,1215
50080,1216
50078,1138
50080,1217
50080,1218
50078,1139
50078,1140
50080,1219
50080,1220
50078,1141
50078,1142
50078,1143
50078,1144
50080,1221
50078,1145
50080,1222
50080,1223
50078,1146
50080,1224
50078,1147
50080,1225
50080,1227
50080,1227
50080,1228
50078,1148
50080,1229
50078,1149
50080,1230
50078,1150
50080,1231
50078,1151
50080,1232
50078,1152
50080,1233
50080,1234
50080,1235
50078,1153
50078,1154
50080,1236
50078,1155
50080,1237
50078,1156
50080,1238
50078,1157
50080,1239
50078,1158
50080,1240
50078,1159
50078,1160
50078,1161
50078,1162
50080,1241
50078,1163
50080,1242
50078,1164
50080,1243
50078,1165
50080,1244
50080,1245
50080,1246
50078,1166
50080,1247
50078,1167
50080,1248
50078,1168
50080,1249
50080,1250
50080,1251
50078,1169
50080,1252
50080,1253
50078,1171
50078,1171
50080,1254
50080,1255
50080,1256
50078,1172
50078,1173
50080,1257
50080,1258
50080,1259
50078,1174
50078,1175
50080,1260
50080,1261
50078,1176
50078,1177
50080,1262
50078,1178
50080,1263
50078,1179
50080,1264
50080,1265
50080,1266
50080,1267
50078,1180
50078,1181
50080,1268
50080,1269
50078,1182
50078,1183
50078,1184
50080,1270
50080,1271
50080,1272
50078,1185
50078,1186
50080,1273
50078,1187
50080,1274
50078,1188
50078,1189
50080,1275
50080,1276
50078,1190
50078,1191
50080,1277
50078,1192
50078,1193
50080,1278
50078,1194
50078,1195
50078,1196
50080,1279
50078,1197
50078,1198
50078,1199
50078,1200
50078,1201
50080,1280
50078,1202
50080,1281
50078,1203
50078,1204
50078,1205
50078,1206
50078,1208
50078,1208
50080,1282
50080,1283
50078,1209
50080,1285
50080,1285
50080,1286
50080,1287
50078,1210
50078,1211
50078,1212
50080,1288
50080,1289
50080,1290
50080,1291
50080,1292
50078,1213
50080,1293
50080,1294
50080,1295
50078,1214
50080,1296
50080,1297
50078,1215
50078,1216
50080,1298
50080,1299
50078,1217
50080,1300
50080,1301
50078,1218
50080,1302
50080,1303
50080,1304
50080,1305
50078,1219
50078,1220
50080,1306
50080,1307
50078,1221
50080,1308
50080,1309
50080,1310
50078,1222
50080,1311
50080,1312
50080,1313
50080,1314
50080,1315
50078,1223
50080,1316
50078,1224
50080,1317
50080,1318
50078,1225
50080,1319
50080,1320
50080,1321
50080,1322
50078,1227
50078,1227
50080,1323
50080,1324
50078,1228
50080,1325
50078,1229
50078,1230
50080,1326
50080,1327
50080,1328
50078,1231
50078,1232
50078,1233
50080,1329
50078,1234
50078,1235
50078,1236
50080,1330
50080,1331
50080,1332
50078,1237
50078,1238
50080,1333
50080,1334
50078,1239
50078,1240
50080,1335
50078,1241
50080,1336
50078,1242
50078,1243
50080,1337
50080,1338
50078,1244
50078,1245
50080,1339
50078,1246
50080,1340
50080,1341
50080,1342
50080,1343
50080,1344
50080,1345
50080,1346
50078,1247
50078,1248
50080,1347
50078,1249
50080,1348
50078,1250
50078,1251
50080,1349
50078,1252
50080,1350
50078,1253
50080,1351
50080,1352
50078,1254
50078,1255
50078,1256
50078,1257
50078,1258
50078,1259
50080,1353
50080,1354
50080,1355
50078,1260
50078,1261
50080,1357
50080,1357
50078,1262
50080,1358
50078,1263
50080,1359
50080,1360
50080,1361
50080,1362
50078,1264
50080,1363
50078,1265
50080,1364
50078,1266
50080,1365
50078,1267
50080,1366
50078,1268
50080,1367
50078,1269
50080,1368
50080,1369
50078,1270
50080,1370
50080,1371
50078,1271
50080,1372
50078,1272
50080,1373
50078,1273
50078,1274
50080,1374
50078,1275
50080,1375
50080,1376
50080,1377
50078,1276
50080,1378
50080,1379
50078,1277
50080,1380
50080,1381
50080,1382
50080,1383
50078,1278
50078,1279
50078,1280
50080,1384
50078,1281
50080,1385
50078,1282
50080,1386
50080,1387
50078,1284
50078,1284
50080,1388
50078,1285
50078,1286
50078,1287
50078,1288
50078,1289
50078,1290
50080,1389
50080,1390
50078,1291
50080,1391
50078,1292
50078,1293
50078,1294
50078,1295
50080,1392
50078,1296
50080,1393
50080,1394
50078,1297
50078,1298
50080,1395
50078,1299
50080,1396
50078,1300
50080,1397
50078,1301
50080,1398
50080,1399
50078,1302
50080,1400
50080,1401
50080,1402
50078,1303
50078,1304
50080,1403
50080,1404
50080,1405
50080,1406
50078,1305
50078,1306
50080,1407
50080,1408
50078,1307
50080,1409
50080,1410
50080,1411
50080,1412
50078,1308
50078,1309
50078,1310
50080,1413
50080,1414
50078,1311
50078,1312
50078,1313
50078,1314
50078,1315
50078,1316
50078,1317
50080,1415
50078,1318
50078,1319
50080,1416
50078,1320
50078,1321
50080,1417
50080,1418
50080,1419
50078,1322
50078,1323
50080,1420
50080,1421
50078,1324
50078,1325
50078,1326
50080,1422
50080,1423
50078,1327
50078,1328
50078,1329
50080,1424
50080,1425
50078,1330
50080,1426
50080,1427
50078,1331
50080,1428
50078,1332
50078,1333
50080,1429
50080,1430
50080,1431
50078,1334
50078,1335
50078,1336
50080,1432
50080,1433
50078,1337
50080,1434
50080,1435
50080,1436
50080,1437
50078,1338
50080,1438
50080,1439
50078,1339
50078,1340
50080,1440
50080,1441
50078,1341
50080,1442
50078,1342
50078,1343
50080,1443
50078,1344
50080,1444
50078,1345
50080,1445
50078,1346
50078,1347
50078,1348
50078,1349
50078,1350
50078,1351
50078,1352
50080,1446
50078,1353
50078,1354
50080,1447
50078,1355
50078,1356
50078,1357
50078,1358
50080,1448
50078,1359
50078,1360
50080,1449
50078,1361
50080,1451
50080,1451
50078,1362
50080,1452
50080,1453
50078,1363
50080,1454
50080,1455
50078,1364
50078,1365
50080,1456
50078,1366
50080,1457
50078,1367
50080,1458
50078,1368
50078,1369
50080,1459
50080,1460
50078,1370
50080,1461
50078,1371
50080,1462
50078,1372
50080,1463
50080,1464
50078,1373
50080,1465
50080,1466
50078,1374
50080,1467
50078,1375
50080,1468
50078,1376
50080,1469
50078,1377
50078,1378
50080,1470
50078,1379
50080,1471
50078,1380
50080,1472
50080,1473
50080,1474
50078,1381
50080,1475
50078,1382
50078,1383
50080,1476
50078,1384
50078,1385
50080,1477
50078,1386
50078,1387
50080,1478
50080,1479
50078,1388
50080,1480
50080,1481
50078,1389
50080,1482
50078,1390
50078,1391
50080,1483
50078,1392
50078,1393
50080,1484
50080,1485
50078,1394
50078,1395
50080,1486
50078,1396
50078,1397
50078,1398
50078,1399
50080,1487
50080,1488
50080,1489
50078,1400
50078,1401
50078,1402
50080,1490
50080,1491
50078,1403
50080,1492
50078,1404
50080,1493
50078,1405
50078,1406
50080,1494
50080,1495
50080,1496
50078,1408
50078,1408
50080,1497
50078,1409
50080,1498
50080,1499
50078,1411
50078,1411
50080,1500
50080,1501
50078,1412
50080,1502
50078,1413
50078,1414
50080,1503
50078,1415
50080,1504
50078,1416
50078,1417
50078,1418
50080,1505
50078,1419
50078,1420
50080,1506
50080,1507
50078,1421
50080,1508
50080,1509
50078,1422
50080,1510
50078,1423
50080,1511
50078,1424
50080,1512
50080,1513
50078,1425
50080,1514
50080,1515
50078,1426
50080,1516
50078,1427
50078,1428
50080,1517
50078,1429
50080,1519
50080,1519
50078,1430
50080,1520
50078,1431
50078,1432
50078,1433
50078,1434
50078,1435
50080,1521
50078,1436
50078,1437
50078,1438
50080,1522
50078,1439
50080,1523
50078,1440
50080,1524
50078,1441
50080,1525
50080,1526
50078,1442
50078,1444
50078,1444
50080,1527
50078,1445
50078,1446
50078,1447
50080,1528
50080,1529
50080,1530
50080,1531
50078,1448
50078,1449
50080,1532
50078,1450
50078,1451
50080,1533
50078,1453
50078,1453
50080,1534
50080,1535
50078,1454
50080,1536
50078,1455
50080,1537
50078,1456
50080,1538
50080,1539
50080,1541
50080,1541
50080,1542
50078,1457
50080,1543
50078,1458
50080,1544
50080,1545
50078,1459
50078,1460
50080,1546
50078,1461
50080,1547
50080,1548
50078,1462
50080,1549
50080,1550
50080,1551
50080,1552
50080,1553
50078,1463
50080,1554
50080,1555
50078,1464
50078,1465
50080,1556
50078,1466
50078,1467
50078,1468
50080,1557
50078,1469
50080,1558
50078,1470
50080,1559
50080,1560
50080,1561
50080,1562
50078,1471
50080,1563
50078,1472
50080,1564
50078,1473
50078,1474
50080,1565
50080,1566
50078,1475
50080,1567
50078,1476
50080,1568
50078,1477
50080,1569
50078,1478
50080,1570
50078,1479
50078,1480
50078,1481
50078,1482
50078,1483
50080,1572
50080,1572
50078,1484
50080,1573
50080,1574
50078,1485
50080,1575
50078,1486
50078,1487
50078,1488
50078,1489
50080,1576
50078,1490
50080,1577
50080,1578
50078,1491
50078,1492
50078,1493
50078,1494
50080,1579
50078,1495
50078,1496
50078,1497
50080,1580
50078,1498
50080,1581
50078,1499
50080,1582
50078,1500
50080,1583
50078,1501
50078,1502
50080,1584
50078,1503
50080,1585
50078,1504
50080,1586
50080,1587
50080,1588
50080,1589
50080,1590
50078,1505
50078,1506
50078,1507
50080,1591
50078,1508
50080,1592
50080,1593
50080,1594
50080,1595
50078,1509
50080,1596
50078,1510
50080,1597
50078,1511
50080,1598
50080,1599
50078,1512
50078,1513
50078,1514
50078,1515
50078,1516
50080,1600
50080,1601
50078,1517
50078,1518
50078,1519
50080,1602
50078,1520
50080,1603
50078,1521
50078,1522
50080,1604
50080,1605
50080,1606
50078,1523
50078,1524
50078,1525
50078,1526
50080,1607
50078,1527
50078,1528
50080,1608
50078,1529
50078,1530
50080,1609
50080,1611
50080,1611
50080,1612
50080,1613
50078,1531
50078,1532
50080,1614
50080,1615
50080,1616
50080,1617
50080,1618
50078,1533
50080,1619
50080,1620
50080,1621
50078,1534
50080,1622
50080,1623
50080,1624
50080,1625
50078,1535
50080,1626
50080,1627
50078,1536
50080,1628
50078,1537
50080,1629
50080,1630
50080,1631
50078,1538
50078,1539
50078,1540
50080,1632
50078,1541
50080,1633
50080,1634
50078,1542
50078,1543
50080,1635
50080,1636
50078,1544
50080,1637
50078,1545
50080,1638
50078,1546
50080,1639
50078,1547
50080,1640
50078,1548
50078,1549
50080,1641
50078,1550
50080,1642
50080,1643
50078,1551
50078,1552
50080,1644
50078,1553
50078,1554
50080,1645
50078,1555
50078,1556
50080,1646
50080,1647
50080,1649
50080,1649
50078,1557
50078,1558
50080,1650
50078,1559
50080,1651
50078,1560
50078,1561
50078,1562
50080,1652
50080,1653
50080,1654
50078,1563
50080,1655
50078,1564
50080,1656
50078,1566
50078,1566
50080,1657
50080,1658
50078,1567
50080,1659
50080,1660
50078,1568
50080,1661
50078,1569
50078,1570
50080,1662
50078,1571
50080,1663
50080,1664
50078,1572
50078,1573
50080,1665
50078,1574
50080,1667
50080,1667
50080,1668
50078,1575
50080,1669
50078,1576
50080,1670
50078,1577
50080,1671
50080,1672
50078,1578
50078,1579
50078,1580
50078,1581
50080,1674
50078,1582
50080,1674
50080,1675
50078,1583
50080,1676
50080,1677
50078,1584
50080,1678
50078,1585
50078,1586
50080,1679
50080,1680
50078,1587
50078,1588
50080,1681
50080,1682
50078,1589
50078,1591
50078,1591
50078,1592
50080,1683
50080,1684
50078,1593
50080,1685
50080,1686
50078,1594
50080,1687
50080,1688
50080,1689
50078,1595
50078,1596
50078,1597
50080,1690
50080,1692
50080,1692
50078,1598
50080,1693
50080,1694
50080,1695
50078,1599
50080,1696
50080,1697
50080,1698
50078,1600
50080,1699
50078,1601
50080,1700
50080,1701
50078,1602
50080,1702
50080,1703
50080,1705
50080,1705
50080,1706
50078,1603
50078,1604
50078,1605
50080,1707
50080,1708
50078,1606
50078,1607
50080,1709
50080,1710
50080,1711
50078,1608
50080,1712
50080,1713
50078,1609
50080,1714
50078,1610
50080,1715
50080,1716
50078,1611
50080,1717
50080,1718
50078,1612
50080,1719
50080,1720
50078,1613
50080,1721
50078,1614
50080,1722
50078,1615
50080,1723
50080,1724
50080,1725
50080,1726
50080,1727
50078,1616
50080,1728
50080,1729
50078,1617
50078,1618
50080,1730
50078,1619
50080,1731
50080,1732
50078,1620
50078,1621
50080,1733
50080,1734
50078,1622
50080,1735
50078,1623
50080,1736
50080,1737
50078,1624
50080,1738
50078,1625
50080,1739
50078,1626
50078,1627
50080,1740
50078,1628
50080,1741
50078,1629
50080,1742
50080,1743
50078,1630
50078,1631
50080,1744
50078,1632
50078,1633
50080,1745
50078,1634
50080,1746
50078,1635
50078,1636
50078,1637
50080,1747
50078,1638
50078,1639
50080,1748
50078,1640
50080,1749
50078,1641
50080,1750
50080,1751
50080,1752
50080,1753
50078,1642
50080,1754
50080,1755
50078,1643
50078,1644
50080,1756
50078,1645
50080,1757
50080,1758
50080,1759
50080,1760
50078,1646
50078,1647
50080,1761
50078,1648
50078,1649
50080,1762
50078,1650
50078,1651
50080,1763
50078,1652
50080,1764
50078,1653
50080,1765
50078,1654
50080,1766
50078,1656
50078,1656
50078,1657
50080,1767
50078,1658
50078,1659
50080,1768
50078,1660
50078,1661
50078,1662
50080,1769
50078,1663
50080,1770
50078,1664
50078,1665
50080,1771
50080,1772
50078,1666
50080,1773
50080,1774
50080,1775
50078,1667
50080,1776
50078,1668
50078,1669
50080,1777
50080,1778
50078,1670
50080,1779
50080,1780
50080,1781
50080,1782
50078,1671
50078,1672
50078,1673
50080,1783
50078,1674
50078,1675
50078,1676
50080,1784
50078,1677
50080,1785
50080,1786
50078,1678
50080,1787
50078,1679
50080,1788
50078,1680
50080,1789
50080,1790
50078,1681
50080,1791
50080,1792
50080,1793
50078,1683
50078,1683
50078,1684
50080,1794
50080,1795
50078,1685
50080,1796
50078,1686
50078,1687
50080,1797
50078,1688
50078,1689
50080,1798
50080,1799
50078,1690
50080,1800
50078,1691
50078,1692
50078,1693
50078,1694
50078,1695
50078,1696
50080,1803
50080,1803
50080,1803
50078,1697
50078,1698
50080,1804
50078,1699
50078,1700
50080,1805
50078,1701
50080,1806
50078,1702
50078,1703
50080,1807
50078,1704
50078,1705
50078,1706
50078,1707
50080,1808
50080,1809
50078,1708
50080,1810
50080,1811
50078,1709
50080,1812
50080,1813
50078,1710
50080,1814
50080,1815
50078,1711
50078,1712
50078,1713
50078,1714
50078,1715
50080,1816
50080,1817
50078,1716
50080,1818
50078,1717
50078,1718
50080,1819
50080,1820
50078,1719
50080,1821
50078,1720
50080,1822
50078,1721
50080,1823
50078,1722
50078,1723
50080,1824
50078,1724
50080,1825
50080,1826
50078,1725
50078,1726
50080,1827
50080,1828
50078,1727
50080,1829
50078,1728
50080,1830
50078,1729
50078,1730
50078,1731
50080,1831
50080,1832
50078,1732
50078,1733
50078,1734
50078,1735
50080,1833
50078,1736
50080,1834
50080,1835
50078,1737
50080,1836
50078,1738
50078,1739
50078,1740
50080,1837
50080,1838
50078,1741
50078,1742
50080,1839
50078,1743
50080,1840
50080,1841
50080,1842
50078,1744
50078,1745
50080,1843
50080,1844
50080,1845
50080,1846
50078,1746
50078,1747
50078,1748
50078,1749
50078,1750
50080,1847
50078,1751
50080,1848
50080,1849
50080,1850
50078,1752
50078,1753
50078,1755
50078,1755
50080,1851
50080,1852
50078,1756
50080,1853
50078,1757
50078,1758
50080,1854
50080,1855
50078,1759
50080,1856
50078,1760
50080,1857
50080,1858
50080,1859
50080,1860
50078,1761
50078,1762
50080,1861
50080,1862
50078,1763
50078,1764
50080,1863
50080,1864
50080,1865
50080,1866
50078,1765
50080,1867
50078,1766
50080,1868
50078,1767
50080,1869
50080,1870
50080,1871
50080,1872
50078,1768
50078,1769
50078,1770
50080,1873
50078,1771
50078,1772
50078,1773
50078,1774
50078,1775
50080,1874
50078,1776
50078,1777
50078,1778
50080,1875
50078,1779
50080,1876
50078,1780
50080,1877
50078,1781
50080,1879
50080,1879
50078,1782
50080,1880
50080,1881
50080,1882
50080,1883
50078,1783
50080,1884
50078,1784
50078,1785
50078,1786
50080,1885
50080,1886
50080,1887
50078,1787
50080,1888
50080,1889
50080,1890
50080,1891
50078,1788
50078,1789
50080,1892
50080,1893
50078,1790
50080,1894
50078,1791
50080,1895
50078,1792
50080,1896
50078,1793
50080,1897
50078,1794
50078,1795
50078,1796
50080,1898
50078,1797
50078,1798
50080,1899
50078,1799
50080,1900
50080,1901
50078,1800
50078,1801
50078,1802
50078,1804
50078,1804
50080,1902
50080,1903
50078,1805
50078,1806
50078,1807
50080,1904
50078,1808
50080,1905
50080,1906
50078,1809
50078,1810
50078,1811
50080,1907
50080,1908
50080,1909
50078,1812
50080,1910
50080,1911
50078,1813
50080,1912
50080,1913
50078,1814
50078,1815
50078,1816
50080,1914
50078,1817
50078,1818
50080,1915
50078,1820
50078,1820
50080,1916
50080,1917
50080,1918
50078,1821
50080,1919
50078,1822
50080,1920
50080,1921
50078,1823
50078,1824
50078,1825
50078,1827
50078,1827
50080,1922
50080,1923
50080,1924
50078,1828
50080,1925
50080,1926
50078,1829
50080,1927
50078,1830
50080,1928
50078,1831
50078,1832
50080,1929
50080,1930
50080,1931
50080,1932
50078,1833
50080,1933
50078,1834
50080,1934
50080,1935
50078,1835
50078,1836
50080,1936
50078,1837
50078,1838
50080,1937
50080,1938
50078,1839
50078,1840
50078,1841
50080,1940
50080,1940
50080,1941
50080,1942
50080,1943
50080,1944
50078,1842
50080,1945
50078,1843
50078,1844
50080,1946
50078,1845
50080,1947
50078,1846
50080,1948
50080,1949
50080,1950
50080,1951
50078,1847
50080,1952
50080,1953
50078,1848
50078,1849
50078,1850
50080,1954
50080,1955
50078,1851
50078,1852
50080,1956
50078,1853
50080,1957
50080,1958
50080,1959
50078,1854
50078,1855
50080,1960
50078,1856
50080,1961
50078,1857
50078,1858
50080,1962
50078,1859
50080,1963
50080,1964
50078,1860
50080,1965
50080,1966
50078,1861
50080,1967
50080,1968
50078,1862
50080,1969
50080,1970
50080,1971
50078,1863
50080,1972
50078,1864
50078,1865
50080,1973
50078,1866
50080,1974
50078,1867
50078,1869
50078,1869
50078,1870
50080,1975
50080,1976
50078,1871
50078,1872
50080,1977
50080,1978
50078,1873
50078,1874
50078,1875
50080,1979
50078,1876
50080,1980
50078,1877
50080,1981
50078,1878
50080,1982
50078,1879
50080,1983
50078,1880
50080,1984
50078,1881
50080,1985
50078,1882
50078,1883
50080,1986
50080,1987
50078,1884
50080,1988
50078,1885
50080,1989
50080,1990
50080,1991
50078,1886
50080,1992
50078,1887
50080,1993
50078,1888
50078,1889
50080,1994
50080,1995
50078,1890
50080,1996
50078,1891
50080,1997
50078,1892
50080,1998
50080,1999
50078,1893
50078,1894
50078,1895
50078,1896
50078,1897
50078,1898
50080,2000
50080,2001
50078,1899
50078,1900
50080,2002
50078,1901
50080,2003
50078,1902
50080,2004
50080,2005
50078,1903
50080,2006
50080,2007
50080,2008
50078,1904
50078,1905
50080,2009
50078,1906
50078,1907
50078,1908
50078,1909
50080,2010
50080,2011
50078,1910
50080,2012
50080,2013
50078,1911
50078,1912
50078,1913
50080,2014
50078,1914
50080,2015
50078,1915
50080,2016
50078,1916
50080,2017
50080,2018
50080,2019
50078,1917
50080,2020
50078,1918
50078,1919
50080,2021
50078,1920
50080,2022
50078,1921
50080,2023
50080,2024
50080,2025
50078,1922
50078,1923
50080,2026
50078,1924
50080,2027
50078,1925
50078,1926
50080,2028
50078,1927
50080,2029
50078,1928
50080,2030
50080,2031
50080,2032
50078,1929
50080,2033
50080,2034
50078,1930
50080,2035
50080,2036
50078,1931
50078,1932
50080,2037
50080,2038
50078,1933
50080,2039
50078,1934
50080,2040
50080,2041
50078,1935
50080,2042
50080,2043
50078,1936
50080,2044
50078,1937
50078,1938
50080,2045
50078,1939
50078,1940
50080,2046
50080,2047
50080,2048
50078,1941
50080,2049
50078,1942
50078,1943
50078,1944
50078,1945
50080,2050
50078,1946
50078,1947
50080,2051
50078,1949
50080,2052
50078,1949
50080,2053
50080,2054
50078,1950
50078,1951
50080,2055
50078,1952
50080,2056
50078,1953
50080,2057
50080,2058
50078,1954
50078,1955
50078,1956
50078,1957
50078,1958
50080,2059
50078,1959
50080,2060
50080,2061
50078,1960
50078,1961
50080,2062
50080,2063
50080,2065
50080,2065
50080,2066
50080,2067
50078,1962
50078,1963
50080,2068
50080,2069
50078,1964
50080,2070
50080,2071
50078,1965
50078,1967
50078,1967
50080,2072
50080,2073
50080,2074
50078,1968
50080,2075
50078,1969
50080,2076
50078,1970
50080,2077
50080,2078
50078,1971
50080,2079
50080,2080
50078,1972
50078,1973
50078,1974
50080,2081
50080,2082
50080,2083
50078,1975
50080,2084
50080,2085
50078,1976
50080,2086
50078,1977
50080,2087
50080,2088
50080,2089
50080,2090
50080,2091
50078,1978
50078,1979
50078,1980
50078,1981
50078,1982
50080,2092
50078,1983
50080,2093
50078,1984
50080,2094
50078,1985
50078,1986
50078,1987
50080,2095
50078,1988
50078,1989
50078,1990
50078,1991
50080,2096
50080,2097
50080,2098
50078,1992
50078,1993
50080,2099
50080,2100
50078,1994
50078,1995
50080,2101
50078,1997
50078,1997
50080,2102
50078,1998
50080,2103
50078,1999
50078,2000
50080,2104
50080,2105
50080,2106
50078,2001
50080,2107
50078,2002
50080,2108
50080,2109
50078,2003
50080,2110
50078,2004
50080,2111
50078,2005
50080,2112
50080,2113
50080,2114
50078,2006
50080,2115
50080,2116
50080,2117
50080,2118
50080,2119
50080,2120
50080,2121
50080,2122
50080,2123
50080,2124
50080,2125
50080,2126
50080,2127
50078,2007
50080,2128
50078,2008
50080,2129
50080,2130
50080,2131
50078,2009
50080,2132
50080,2133
50080,2134
50080,2135
50080,2136
50078,2010
50080,2137
50080,2138
50080,2139
50080,2140
50080,2141
50078,2011
50080,2142
50078,2012
50080,2143
50078,2013
50078,2014
50078,2015
50080,2144
50080,2145
50080,2146
50078,2016
50080,2147
50078,2017
50078,2018
50080,2148
50078,2019
50080,2149
50080,2150
50078,2020
50078,2021
50078,2022
50078,2023
50080,2151
50080,2152
50080,2153
50080,2154
50078,2024
50078,2025
50080,2155
50080,2156
50080,2157
50078,2026
50080,2158
50078,2027
50078,2028
50080,2159
50078,2029
50080,2160
50078,2030
50078,2031
50080,2161
50078,2032
50080,2162
50078,2033
50080,2163
50080,2164
50080,2165
50078,2034
50080,2166
50078,2035
50080,2167
50080,2168
50080,2169
50080,2170
50078,2036
50078,2037
50078,2038
50080,2171
50080,2172
50078,2039
50078,2040
50080,2173
50078,2041
50078,2042
50080,2174
50080,2175
50080,2176
50080,2177
50078,2043
50080,2178
50080,2179
50078,2044
50078,2045
50080,2180
50080,2181
50080,2182
50080,2183
50078,2046
50080,2184
50078,2047
50080,2185
50080,2186
50078,2048
50080,2187
50080,2188
50078,2049
50080,2189
50078,2050
50080,2190
50080,2191
50080,2192
50080,2193
50080,2194
50078,2051
50080,2195
50080,2196
50078,2052
50078,2053
50080,2197
50078,2054
50080,2198
50078,2055
50080,2199
50078,2056
50080,2200
50078,2057
50080,2201
50078,2058
50080,2202
50078,2059
50078,2060
50078,2061
50080,2203
50080,2204
50080,2205
50078,2062
50080,2206
50080,2207
50078,2063
50080,2208
50078,2064
50080,2209
50080,2210
50078,2065
50080,2211
50080,2212
50078,2066
50080,2213
50080,2214
50080,2215
50080,2216
50078,2068
50078,2068
50080,2217
50080,2218
50078,2069
50080,2219
50078,2070
50078,2071
50080,2220
50080,2221
50078,2072
50078,2073
50080,2222
50078,2074
50078,2075
50078,2076
50080,2223
50080,2224
50080,2225
50078,2077
50078,2078
50078,2079
50078,2080
50078,2081
50078,2082
50080,2226
50080,2227
50078,2083
50080,2229
50080,2229
50080,2230
50080,2231
50080,2232
50078,2084
50078,2085
50078,2086
50080,2234
50080,2234
50078,2087
50080,2235
50078,2088
50080,2237
50080,2237
50080,2238
50078,2089
50078,2090
50078,2091
50080,2239
50080,2240
50080,2241
50078,2092
50080,2242
50078,2093
50080,2243
50078,2094
50078,2095
50078,2096
50078,2097
50078,2098
50080,2244
50080,2245
50078,2099
50078,2100
50078,2101
50080,2246
50080,2247
50078,2102
50080,2248
50078,2103
50078,2104
50080,2249
50080,2250
50080,2251
50080,2252
50080,2253
50080,2254
50080,2255
50080,2256
50080,2257
50078,2105
50080,2258
50078,2106
50080,2259
50080,2260
50080,2261
50080,2262
50080,2263
50078,2107
50078,2108
50078,2109
50080,2264
50080,2265
50080,2266
50080,2267
50078,2110
50080,2268
50078,2111
50078,2112
50078,2113
50080,2269
50080,2270
50078,2114
50080,2271
50080,2272
50080,2273
50080,2274
50080,2275
50080,2276
50078,2115
50080,2277
50080,2278
50078,2116
50080,2279
50078,2117
50078,2118
50080,2280
50080,2281
50078,2119
50080,2282
50080,2283
50078,2120
50080,2284
50078,2121
50080,2285
50078,2122
50078,2123
50078,2124
50080,2286
50078,2125
50078,2126
50080,2287
50078,2127
50078,2128
50080,2288
50078,2129
50078,2130
50078,2131
50078,2132
50078,2133
50080,2289
50080,2290
50078,2134
50078,2135
50080,2291
50080,2292
50080,2293
50078,2136
50078,2137
50080,2294
50078,2138
50078,2139
50080,2295
50078,2140
50078,2141
50080,2296
50080,2297
50080,2298
50078,2142
50080,2299
50080,2300
50078,2143
50080,2301
50078,2144
50080,2302
50080,2303
50078,2145
50080,2304
50078,2146
50080,2305
50080,2306
50078,2147
50078,2148
50080,2307
50078,2149
50078,2150
50080,2308
50078,2151
50080,2309
50080,2310
50080,2311
50078,2152
50080,2312
50080,2313
50080,2314
50080,2315
50078,2153
50078,2154
50080,2316
50078,2155
50080,2317
50080,2318
50080,2319
50080,2320
50080,2321
50078,2156
50080,2322
50080,2323
50080,2324
50078,2157
50080,2325
50080,2326
50080,2327
50080,2328
50080,2329
50078,2158
50080,2330
50078,2159
50078,2160
50078,2161
50080,2331
50080,2332
50080,2333
50080,2334
50080,2335
50078,2162
50080,2336
50080,2337
50078,2163
50078,2164
50080,2338
50078,2165
50080,2339
50080,2340
50078,2166
50080,2341
50080,2342
50078,2167
50080,2343
50080,2344
50078,2168
50078,2169
50080,2345
50080,2346
50078,2170
50080,2347
50078,2171
50078,2172
50080,2348
50078,2173
50080,2349
50078,2174
50078,2175
50080,2350
50078,2176
50078,2177
50080,2351
50078,2178
50078,2179
50080,2352
50080,2353
50078,2180
50078,2181
50078,2182
50080,2354
50078,2183
50080,2355
50080,2356
50080,2357
50080,2358
50080,2359
50080,2360
50078,2184
50080,2361
50078,2185
50080,2362
50078,2186
50080,2363
50080,2364
50078,2187
50078,2188
50080,2365
50078,2189
50080,2366
50078,2190
50078,2191
50080,2368
50080,2368
50080,2369
50078,2192
50080,2370
50080,2371
50078,2193
50080,2372
50080,2373
50080,2374
50078,2194
50078,2195
50080,2375
50080,2376
50078,2196
50080,2377
50078,2197
50080,2378
50080,2379
50080,2380
50078,2198
50078,2199
50080,2381
50080,2382
50080,2383
50080,2384
50080,2385
50078,2200
50080,2386
50078,2201
50080,2387
50080,2388
50080,2389
50078,2202
50080,2390
50078,2203
50078,2204
50080,2391
50080,2392
50080,2393
50078,2205
50080,2394
50078,2206
50078,2207
50078,2208
50080,2395
50080,2396
